2300
5418.741106890515 1142.5909684967262
3117.8532613092357 8969.982373325583
9011.95266085017 1610.9262394702139
5819.679688363862 9773.296271472105
6265.558011898106 1887.094854514495
8054.6442918709845 286.3792787685693
7442.572763854495 1619.9410931826608
9499.096240301033 4046.639949459425
4547.984351782138 3110.642917168637
9324.91002660481 935.5801066144276
8681.799096034578 3269.270657319371
737.3923751744504 8538.308836063143
2484.1216031252065 1426.277521200906
9865.13673720649 5610.611418583434
6166.703998376375 2519.1120020193594
5331.6178764285905 2401.746505329766
8349.328804596576 6912.596782115126
9399.676301468045 8307.430221434981
4422.327672103167 1342.9174890979846
4519.944691990925 9849.86010120525
6285.889319263103 6945.751382648076
5444.97723821018 9488.084569321227
3002.604386922136 4544.70929351561
1310.1658738458189 1644.879204873011
3402.15018944811 2331.2736934530076
9324.918440689002 4280.159399993684
638.3250372420002 1282.511818766956
2548.4097307693087 204.83078606872596
9067.744170602668 2582.5916087190694
2058.886775099514 1870.695442588235
9570.17516054107 536.3717038201155
3587.1191715105065 1323.4900467749032
4359.705201759983 6398.917442050149
5124.917586741146 1058.4047718513834
6874.05774891972 4658.32826693284
4574.888139761157 7173.246516809545
5766.195585458969 1808.5664107880784
322.72923911190077 3129.4476260984084
8776.460161471026 4255.336789392717
7336.494932196931 5058.365474671713
8573.007566054523 7810.4067973110805
9518.607308461374 1265.4066487011173
1425.052555593338 6756.859884836205
6611.551288816764 660.7827082773676
8087.011154461208 1313.2407239192357
7734.452469885893 9452.076098178348
880.3912943308745 8369.006116435212
262.962424485369 1889.0888442819787
1478.0644953328526 6827.787923742992
5075.928824106377 8803.985778440721
4448.313923791254 150.09754945982445
6510.386013184385 8278.620590224986
5670.27351891254 7497.188726392561
1730.4155804856468 6464.161921481131
1594.293638559896 2739.8984419231533
7085.687677576449 3249.570521354279
6855.905304244032 937.7002599901118
119.04436835881494 5059.747070221928
1891.3888343883978 8558.03280794115
7741.734375964001 3268.9370576559973
5895.971859096416 1348.8027541768831
3722.381939175492 8819.276462736496
6025.344343868359 7756.901921586027
4829.218204383192 3564.8294274742743
7057.4858258979375 8071.59855636083
3574.7601860697796 1927.017855799572
3164.658257827596 15.396374118487044
843.7377020678293 9613.10515870724
3287.362977550213 1841.6044702800261
8258.405810732815 9482.393555506827
4273.876425609873 8428.272279431625
8728.002565467847 581.4291090587498
3278.3834223803087 1446.6122381232915
2757.740168126269 4828.174548570575
9883.66490913766 4558.7015296128175
6247.39209280975 4103.794691442884
9832.39973623456 4472.956498140049
9774.145224242047 7439.240328801372
7555.126504985752 2912.590536285746
829.3879927793579 3825.908994752739
1938.7202729168052 3282.8076583284405
3506.258149350816 8553.043857129878
9453.333849479332 2870.0059986384063
8652.993760789508 4905.084956871077
350.50571108165116 8655.771133531789
2366.9602269585976 3727.548976548877
6070.350292190896 5840.503965491406
7300.088007678381 3706.386579992806
1826.0228938844302 4806.8437985158625
1132.7143485750757 3391.585923186284
2416.943271510914 7606.246347493208
9395.53613480329 768.1127108375341
3057.0473024874946 6617.1480748110125
3759.3912854624014 7759.882423099559
4526.623183604324 5962.557371744244
9287.686781965665 4895.108618257995
6830.3777744367935 8922.55785101506
8830.02129034297 3199.0631190610297
347.18381163212575 9416.339270013848
590.7488773448844 4793.4821105028905
6528.913747577536 3856.2003798593337
5943.261694748296 9855.245647278856
9753.164466799837 957.8911415292268
3922.9831322289533 5421.992011948864
6591.051309620038 7854.298258769199
8882.147291321224 1065.3089352197198
338.82839262218135 2450.315711543842
1905.7650928150117 9112.59148884831
5734.636959428602 9232.386042746672
8218.114206368207 1842.3981058706606
7623.112838159929 2519.3217578033577
6897.0211242282285 6543.952795320191
5592.376623751001 5686.354828595288
1006.9617634016059 1155.1367177850013
2601.2434708805854 3755.5759296272595
4900.726271207968 6096.888110442394
8655.505841129474 3672.438500607693
2391.528986906697 964.7095178760112
4547.968256732677 5765.73001703705
8929.157039615651 1291.6633212568463
9721.452217388678 6134.968884419483
3304.7141134949966 6198.037270820612
6522.984391618895 7695.792393930081
3232.61886828061 9404.7291047682
2081.854227880403 3912.1305943304505
9761.590897258338 8830.885383193005
5281.658371166736 6344.139203031511
5247.484961171171 6035.907735935292
1475.587139933362 952.6946521654334
7925.077931028226 4319.0850217341
8291.369109484463 8922.76743614728
2554.492488602882 7042.5725163565585
3584.329448507315 8135.674016756996
1505.2631841662655 7576.802588057182
6904.622293504523 7312.48086842056
6496.867862410341 2983.4688233951424
358.97435041991497 6107.45033455825
1417.5691563546677 417.8164921140459
1205.0128455532395 5397.605601142815
1881.6419700259823 8179.31866846743
1630.2874744758244 2746.147507414218
3421.1978800107677 5566.673835950522
708.9577064600239 5668.197696795991
4870.724553175967 4141.506594991873
3923.9343532751104 8255.132620134424
180.6915139027676 5709.166932531394
4304.067264083834 8986.506941577389
5713.274920100969 4347.869369411659
2131.870716845181 1884.4237536087626
7677.532790683676 690.699142821577
9541.09125672017 3302.945516247183
3451.967670500149 656.3788156199446
4571.540653062441 7249.353587725855
7191.48658794331 5211.577366694474
6564.678752166558 1231.1285175866349
3261.315682998258 872.3722853250704
5104.766468325141 1340.0762261273126
4329.368277554787 2018.853226788061
1439.7682065199258 9025.226910635856
2121.809078738244 9653.02576846335
2821.0557380422265 2537.8821990396327
1913.0623615105346 4995.6543604606895
6240.759321704422 2664.8769088899526
2132.641701273896 7545.372304347602
4673.042225254127 1598.739442180308
7246.057114737724 9764.477094735705
1837.265119606255 1558.8618577100167
4862.877306921444 1169.4634697348338
1368.3749676947166 702.0605944234004
192.23565742649495 8434.237980957669
8252.18089449913 1339.921039168579
7383.210045290207 98.1756167282477
9886.262219176371 4286.226078582005
4004.5916454965345 816.3954080530411
6880.356379974255 1386.1423784823
9736.042105737968 3737.6828611431247
2267.6607986838326 9169.728099575565
7601.427129204247 4165.154756848631
1248.342059019427 6041.027334223672
9174.908154101013 2126.6222399857425
2941.2530550303086 9464.139252597108
8395.328514019742 1704.939844395922
7963.456892284708 1608.9184024129
7890.442977708015 9398.949938727988
4599.8448098736135 2691.811119435247
9722.28919711959 1341.2217048272323
9533.926734541485 1218.9880482500591
25.67740733037116 5997.569845277575
1834.2805083954072 6883.2045306421405
2462.4164971543296 4848.778333224614
8734.018353908587 5323.770220819888
612.7282800527778 8152.981571044708
4721.424366428386 3576.9103913316626
7687.035482374474 7218.371004325592
7451.649954219095 6234.709983843712
937.5691214331572 5348.701413550798
6554.744781946464 6869.869170279469
1998.4406348084703 3748.569793380733
2246.2562506303098 644.0607823099575
7541.464875356525 4851.798566457293
2302.82579731227 5903.840641801028
3845.479281047167 44.845240190511944
2255.5724308137105 3030.6768772341775
1359.2026273427027 8716.458856186742
1901.6678068514682 3491.639511065635
7134.1062814160805 2588.434875561435
2612.652748186778 4191.255299587413
7896.254472099597 9382.20803187013
1648.8833173132555 4077.9800152405796
3304.3084387761246 3212.255876444272
4294.044655827947 9278.06293403045
193.30282820346102 5453.929479021532
6756.281930630633 2246.6387583244373
9001.740012855962 7203.658798705269
4054.203433751261 2444.793568610203
3393.4500288103973 3751.7599811329214
3282.3594661550724 5639.371193982693
6981.501489416999 6419.618457843764
7897.239563904738 1309.048208349377
6012.30225183029 8837.732070505985
4138.541053272739 1682.4388343820663
3519.3338724486466 6.117414706722224
4768.963051917395 8692.072213456002
9901.278223491394 4578.399281845928
272.8268658386357 9039.33744124703
7269.872421567224 1322.3778068354852
7252.534186943735 80.56564190616622
7031.248314692608 649.1017718885716
6192.398773301089 2335.7468937302206
2326.6357918465087 8283.674958353015
9999.914535010446 2765.270776110358
2380.1521987164297 6043.582112591231
9981.023528322066 4223.7438553119955
4734.264391825153 1436.017027166301
9603.480156651007 7249.058026478826
8924.9577814417 9452.247461221787
174.34229272435653 6467.802479395655
9516.546303954758 6033.70282117237
8423.751788326872 9677.085054841897
1184.8440213910806 9302.383866045377
6251.791016266472 1659.1163921132456
5395.013764224709 6224.587745799732
222.53003535881555 5398.048283727721
1020.1950732942311 2116.091520237544
4158.386754022644 8559.30057000853
4142.469064788553 9260.267434788839
7319.296219564627 6679.1422417163
680.8115296830786 3090.584225506695
1222.60198601832 2262.414250074224
5679.2912461804 6143.862667486799
2833.1791531251183 2739.475909661878
5574.707690646326 8470.279829020834
9959.469444636627 7917.555923835772
6708.342866599426 9826.390496492462
5383.6610526598715 1909.1949064348912
6136.1823574276505 3748.7719438528143
8636.737721418216 7883.528991875489
3989.937152686488 8620.472561387229
9550.95554357983 5147.340783330264
4603.434272479791 6060.591645385192
686.651382693102 5317.217059468823
7934.563096176083 3836.7863191240835
2138.7649524894427 5945.900352889806
6180.89496618893 366.593469755897
7488.617784921866 3617.1660157700426
6449.210715098055 8520.507277448949
1476.2164292488144 6478.978021589106
9297.919909742972 4502.672973981231
7536.6571686142815 5370.294266231425
1100.2049249899094 5426.196447948437
1442.5097899826333 2029.4134663360464
2398.806085353932 3924.8207745266573
7682.449099606062 8923.448724585582
3433.1409233600752 2349.098822965592
213.69583318930907 9489.028386382826
6837.945219827781 501.0488213636688
3287.534713192536 9144.6515735302
3115.047283348035 7575.893448937515
9629.058383985386 4009.6404181629096
2322.515867448701 3059.4765902273634
5599.723057613598 5622.5142879308605
9823.508324362469 181.38938433065798
7630.662505829985 7460.497846394313
8467.137919701927 8483.844756430828
5188.553425200526 1200.8327376364102
2481.7964440466944 3330.777074993644
7392.763428946466 6664.932157227214
5552.68776905113 5255.959039935287
8172.045577728309 1031.512518569987
9589.970752382053 852.0058943214193
2225.8785598863597 9296.927512945658
4148.177694702074 4581.343889815948
9871.126117398113 5302.458133738941
5114.496441603886 3084.6582484397522
7836.941256053697 9561.948581616049
7.439152421857553 4066.108949743641
9063.402244463428 3774.869587243751
1049.423395164042 1820.0345398820427
9974.518948849069 2580.0101128377796
7645.653497529524 8714.901873267052
815.5939560838422 7037.601042527496
8044.310183821453 826.4298710182571
5240.802329247532 4648.139155400219
5922.620573166162 3074.035768367638
3382.246870368958 1697.4833722409576
8882.852484019275 8615.34462686028
5504.556615232557 2001.0602321862125
7776.149097728029 2354.980693551404
1304.1458690791408 84.97468462038694
558.4164905533062 7809.016522140289
5148.874073223216 9183.113073012844
5968.438456630642 925.4207543453552
5348.453223642869 2840.2779981143535
199.33573433874585 6089.635402229216
2763.601703679165 8899.718128998324
7925.815194425112 8402.066217904814
3186.5768330951882 5326.915271869688
4313.771651335272 9228.64865002112
9700.833889637974 8088.201813364223
2523.126589784893 5596.671192001429
3402.6247160984667 89.44867566518577
3734.5201836892907 6854.017642622258
3706.7777897360497 2504.194661226602
28.600739094368777 8990.1184998793
9241.941840495881 5477.088045741713
1594.4782363697652 8979.666611775236
4297.719783831197 5451.402551087006
8080.282430097293 201.5662991193312
2437.9668239100984 9081.654782845222
6924.29842683377 7243.497496475842
3051.2115757816027 9682.815573315105
210.14471524374522 1220.4606443300802
799.0768339798549 3638.5354465706
700.010928721615 8819.27787085704
1240.5860958182957 6201.962880960312
7340.5963651552065 6343.699286126872
5344.255317880387 7846.749830578862
5438.512240525552 5459.903905215963
1720.3552321476711 5531.820248870405
8496.993501424637 9058.644679748304
6256.387045210779 7922.39425039889
6697.069708503907 8311.972920568873
1091.0495666424613 8807.570606045752
5760.349098613086 4864.489403476246
1918.4540106944837 4331.078180952726
3738.649329349961 8379.988382859816
9079.691929253648 3284.496782693589
7198.0089318123655 983.7270799913433
1298.3275367660108 5863.550893906611
4816.289858320894 8699.783216912483
2386.319706377601 4330.678181467745
7072.615764370785 9788.379866385005
1440.0558704625644 6812.642222081393
8789.621686849105 3501.946805605273
8992.140851984692 527.6770702790512
6396.805120229154 8555.128826311167
1866.917097228159 5180.88783127578
5662.295736598022 1372.1631057194338
429.3873859606467 2237.0661661958156
9770.512111668835 6211.400834914228
6220.986306131064 8130.849138234788
6458.568771049778 2338.8630288124778
974.0596098039412 1467.9271562706308
4976.84174650306 6486.901743890789
6616.244436571285 6316.901601638234
3808.5329306143267 6119.4429883187595
3195.4990658412044 2467.702688177692
726.8208469387095 8561.124080760632
4193.730265185438 3755.4377547900817
1576.3542006216103 2538.9659782660533
3572.306997227173 6254.936500682133
9196.422115371839 797.8792305116966
7319.936758975585 1286.934115163283
4614.886998719102 7117.588208660275
5191.72749307287 7281.087842243535
4795.881064778745 9326.747986522176
9125.905259675357 5016.096108009351
5585.21278897115 8450.706254830851
9296.07130772451 3740.9258713415284
8452.367439159634 7372.351330478325
9425.765159568777 1346.2378261462216
7658.9025863142915 463.5243433052405
9280.808791666279 9336.367792623258
5873.34376723077 1620.5453985724362
2884.653474569148 5151.167620758783
5940.084310137727 2319.7783788420356
641.5137045003705 1639.7869207656347
7341.614730264583 7450.859349368689
8672.291173215133 7200.3704829949165
1221.163654159586 8573.550044096042
3193.658591357903 7241.057502844495
981.2557846618164 9265.109453057155
502.24858947971353 5590.41341993709
664.6480875531247 9819.543844566551
3266.0972783874086 2686.7594626533973
1463.1522587044433 4195.271278007067
1645.384946132974 6906.490888280694
7301.609465594761 3086.699208988457
3883.0358734642223 195.404026004522
2037.1715161581283 2190.63521820396
178.3657523586557 8029.110009022525
2775.6945290067247 5099.545501003394
3220.295548340354 5435.054512977955
331.00670895883087 6935.404462536569
9639.821625071276 9708.733491522791
6581.608757882834 8147.70695645204
3731.3171239298636 2985.768696842317
4563.712059278413 5791.868202370625
1198.1899818213171 2677.576930790192
6915.334595519073 784.9174045160901
8153.607965629099 1771.8476629239722
8677.344836353132 4011.891618490534
9052.356393171664 7582.111451575809
6396.093933935864 6724.383254968003
4940.798769061512 3713.9029190684646
8637.216400816476 8177.843708781755
5818.948965323963 7913.76386105463
3804.081992123547 7823.200515378147
6631.630281800463 901.5563844528496
3219.256476713891 1730.943692292135
9696.123040539467 9186.370737524323
2279.5178237632094 5148.561004079639
3744.0241043609126 2553.8564338997185
602.6919957908516 1570.9865117272525
1126.763351372293 4840.769199400929
5788.674768649445 2852.5567238534786
922.5413078065236 186.31159992022472
2113.2751916218017 9131.330527221908
4097.05819572068 4589.863310546769
5219.433223402716 1732.81781856806
1919.328805747944 2870.46575075508
748.4030201611936 935.8032027912755
8928.850028139215 5286.265657072518
5459.115379583363 8688.977774037101
1590.5648973021823 2691.7761410226813
5633.410595653545 263.82607319756943
8608.23000649164 9349.84480106646
3777.284903978565 8995.445715270258
8745.65679997203 2201.1483597310134
7780.728040456103 4153.262460324579
5803.904168348564 1107.4417696040616
5165.997727140844 4047.3378172716048
4446.673037000809 2249.7880204177845
8031.065654587688 1460.137044265911
8951.333040387388 130.84426134013393
2673.2237888470445 3999.538386338982
7028.256097477166 6128.848195559158
2090.2103647903523 6236.616589006138
5266.156996934116 3305.8420915994293
2356.8666309537243 2003.7395693732851
6870.579737576701 5991.615831760823
8707.57811799879 142.18042136308728
2695.9869803983706 7519.398541678592
4304.950784355074 7087.103902165964
7077.098881353584 8698.325821281296
1157.5813489770715 6554.495786237459
3895.2752689162817 7969.679645126456
6568.5945163844335 3809.211080196251
4257.584161402531 9705.168716411397
6001.061807935154 8274.977495097763
8336.984268774584 8701.79819798462
3182.656133374138 5738.759474194938
5774.657122260285 2300.1781704381797
6078.455813282798 4351.231185329006
8614.228695855156 6103.6419043674905
4349.695163023488 7505.6432858936605
5707.665535225419 2932.7884186047104
5489.188302122032 5276.11826923056
7861.071419788419 7192.446693042806
8664.895880482098 3892.428000602932
558.125151339045 2617.2796249102903
91.75556410175867 7546.261446405954
7891.919634579728 9517.63961062312
2322.659662842359 2907.2087588397035
1408.6541971301447 9133.320697182486
1799.88623772387 8094.09254958116
6934.166539202463 5308.174513087169
278.38963322316613 8937.573998822974
3272.9770005979162 7316.962219732212
4597.868099299582 5038.262931430916
2561.6179913542014 1995.0052307664612
4343.063559119092 7455.098610873375
1972.3383492268665 5596.021491652355
4520.915463288074 6069.776743672878
1497.45907999422 8887.093757376462
3503.797788018439 3728.3118648632917
175.9130122513397 6870.296768760688
1551.6610638768834 9952.021467234279
7219.373368040788 3546.7030759409045
5273.841192491547 3031.8372706374885
3593.639650124918 7828.858139763466
7625.019013937943 3420.2550077304227
7061.329516312371 8787.84764794172
8294.484446647733 5320.42732710849
7341.961310479966 3067.6957857863563
7331.478139924299 6276.895867306715
8343.247823993996 9291.175830090313
5052.166166943456 6022.85180224923
7626.582606296003 6810.707932115837
7620.768182907112 5311.371589883032
8684.046964398469 9092.252208956637
5037.859147668248 4520.429146033236
3656.016283200836 9422.188959772197
9290.699902707885 9500.237357845877
9010.974393498745 183.08736228944244
6997.45391303985 3649.641399001711
3075.6805903990703 560.5072780303522
6002.2901754084205 7978.174193944388
4589.597710765543 7667.758892400249
8438.213192284025 3620.2544238767687
7790.124616932594 7886.030086004355
8857.459775663478 6399.1954755806155
614.5904958406489 4702.739739433787
4596.9372825470155 801.2639084242412
5862.882041284717 9269.678804005456
7419.920328397351 442.61490805708183
4297.55510939883 1591.8472698789344
7656.537782505083 4182.658430948897
7081.885134532066 5675.324494361999
9906.277044253644 5565.526769932932
5685.526796579671 8525.937103307184
468.3843953206401 5153.329476093278
96.2332970363411 2046.8613505964495
7153.210687204447 6265.839471063465
3595.289131625633 5995.2050405835
3434.0655694562015 8508.483951370403
5589.2163570794455 1652.2739668659137
2026.6189814092807 9449.271949980965
1339.3239395380463 2219.1790448726424
2545.332848079874 3702.259627673905
2805.767411740353 2065.493752095745
7978.100352785652 7104.607100033544
5623.639705005504 1801.6301698140057
7757.698576069641 3483.5518519004227
7424.062609688597 9923.125268521855
707.2577773383637 9591.712956488987
2033.8362522348496 1496.259599896157
1012.1264536056917 7019.833187183867
9165.30023625584 569.0732138317867
2891.2322879466356 4036.339146375982
6074.542443847332 7501.542718404897
6532.821088003548 2594.3648741100324
8243.678783268113 2570.201927865653
8117.766946692316 4777.026099663903
882.2803798634349 9272.470571059052
2274.2401577731075 4089.3847749403853
5566.178862058258 2248.881089553977
1303.2062928182886 7493.317846159909
4118.4415950405555 2825.1040673761086
9953.987386691497 3125.100384842806
2694.653668059188 51.60711411993035
6439.789935861654 2938.5481441550696
1207.8472894533854 3292.510895723646
6900.352531138235 6523.045521432311
3945.3545969400093 9106.677138330897
5881.007291969687 1097.588876338742
5625.423869964347 2248.16694670628
213.73738464889325 726.6821353018405
4163.2138115876105 1509.0711602443064
9106.088112715812 2799.2004065949727
3316.5154002370377 8174.804077659196
3097.3648875565896 9113.529711754269
8752.190257396418 521.8431743240337
5197.289923826419 293.72603815828404
2262.233268819018 9919.81856647562
8880.04288397476 2609.097648261085
8370.616544020215 6008.654247584759
331.24700038787313 5800.869101192308
178.90037436596563 7511.085993794001
7469.10454647328 185.7522715328941
3934.75251451751 1880.2665068721226
990.8662998161266 6103.426759093423
8155.3571792693 9481.307774945366
7550.6305556193165 7014.647037864177
2934.8656586137536 1206.714946084826
5684.153205190734 7913.751336368303
5922.065141367288 3289.799037914636
2882.774349025624 5346.414399128421
7539.431460238913 936.8137768224306
1647.6292092792032 7921.386061466863
8749.594534131902 7800.69857021782
8865.437764707505 2684.1886025655326
9959.26145042964 4520.433342942832
8600.339368622139 6110.4062824213115
9878.248996121623 9775.647090909215
7616.41827158687 5702.546314433727
9855.121240493552 1981.524612481066
2024.6662514071322 7221.5955144495565
2165.768737901648 8901.46487274246
7463.905988544142 3919.5423266818407
8473.87269106322 843.5552614915143
9663.372153938551 9740.097426575187
565.5610017553037 3046.8141929800554
1139.2335070030556 4894.416722708896
5039.4589544944965 6288.466602388433
206.33099111277087 368.59085073278396
6158.931885727245 1367.7077117054414
9162.119942799292 4867.542135973432
7267.337340337205 5136.913230705333
7873.952367149578 5986.168615245805
2334.5200927561937 186.32049851876943
601.3872599934367 8304.650309860166
7623.562011601841 4027.06450010623
6661.230780641827 2714.6551916071226
697.9440830626271 2763.2422467989713
7943.4949563425025 4532.358401431193
7854.251744871031 1913.6417208088862
5716.5230560401005 4250.353464580934
5900.177271562138 3682.8710063199887
7529.593850387235 1426.527546729025
2584.6199121703517 72.728547911054
9283.218236123144 9486.696284913583
3014.6263821304474 5577.950715407711
6557.053050747931 9224.782335808746
1505.1788445329273 8063.141571170441
5843.299783740143 2293.4662592179666
3583.8446117923695 627.5219790461217
5886.86095583122 4950.5385606968175
1017.2154180707149 6005.620937275611
8903.67205792528 4056.2033076000994
8066.272128172114 553.7128169399308
6220.667459471413 5214.522918448198
214.66110838550657 6617.564957730884
9863.68254923977 5079.414857521348
3048.521317178671 5472.784110782978
5939.59992010139 6411.410570798574
1397.0128770486067 8228.033425978378
354.02281931584565 2030.4072467802991
7832.961515546629 9937.482037490798
7187.366539271908 9679.240422132172
2466.6072010408 9300.512344687728
6530.496464593218 5476.119610847984
6569.8708769841 6248.9602323326035
1385.9197733777316 1353.4428901714057
1118.6449619467442 5265.985912703322
9307.996000865138 8771.769410741052
268.6956137585228 2342.4660481622805
1128.4235667480236 9837.266564550959
3814.7913964160675 7860.334460755831
4743.942687463077 4294.219727196223
5856.09656032317 4887.9139571303385
4699.2349415548515 2016.89197291409
9119.751786555904 6121.013730615043
5764.470718530407 7824.04888607332
7573.431829061461 6848.438483715698
9908.869290249575 5704.7733058824915
3843.416172377827 9124.76879574264
8680.753247885847 5794.886780357266
4490.823602703943 1463.7250929286693
9179.39065917944 9149.740278270954
8844.04019313159 2152.2784662474537
94.37133879675042 7908.060436689271
4494.5380059463805 8764.718276839683
2871.7918347969817 7394.411792077098
276.9395496858895 5043.639668867651
2722.288089098004 4351.089188925871
4351.361922049096 5787.730647123134
8781.900243279604 6010.182491997384
5048.41817540908 4742.700272121251
3927.194566876754 4593.931810811193
8739.376555228147 1524.7618715377475
325.58016365272556 7671.060676724346
5061.200420322863 4046.2259929593915
8202.83200871345 3704.955155768831
9320.189896412692 6599.64157816595
5467.476622126422 8766.582302578163
7204.691624377293 3279.9700462281344
6773.62092142439 8556.619397872615
1547.572799640754 1809.7951171524173
3303.4942349208263 7720.15735965372
4301.523487877368 4724.293562711324
8643.076279225725 245.34350885953015
5991.169064041497 3309.765370980292
5077.52777460747 8399.467570712945
1666.768604098836 703.9555118708829
3795.9913316184093 3508.28599274136
9626.632901641418 3806.6681901350953
5285.001814351637 9501.556213123637
5784.967953991194 9475.273956998997
5646.749048089426 9618.627127859929
3546.424765042626 1573.8894164421536
6300.33186931706 7800.911100978943
8042.241384563656 3309.6328796039766
1495.2045308076722 2460.4717131009193
1769.1863193696522 2285.596086790126
8315.325520398603 2638.0464657238867
6142.070845519332 3817.863299963995
3060.9878189555175 3026.174789485777
8808.09174020223 9353.940200588133
9731.213271082941 9410.165031608381
911.7372231309485 3457.913748916097
5852.824521066989 8439.153332773987
2859.6830427529494 2969.0083967622427
1346.4422170107614 2595.9465832895835
8215.195022270846 3881.0872052415803
7436.516117388569 5748.510157284897
1312.554252429443 3187.4449337360065
6122.211812910532 8702.204371134556
8666.31639178687 3828.973394393119
6534.538393306471 86.99071026233129
3859.4957103372994 4455.622763197595
5104.905984654027 9545.871636110942
2330.609477592278 609.4219871498229
6174.789742165967 7044.1414618683075
7767.786466025432 7386.371174292119
6857.437561784573 6579.69721652608
4945.217075511785 1325.2150306662725
5771.5797977349885 110.9132018888337
6388.910836410624 1981.776533372861
784.0589470237813 9817.280986135409
1175.6143968600386 3108.462560386851
2463.2714645509677 475.07452306719154
9344.518168095894 119.16174693784143
3456.129722499929 6626.283951284591
4355.246256554166 7823.932705126329
7279.195939776243 6095.758282128876
639.6655384006178 7493.063196077141
4146.492840600574 7954.8654932721065
5411.370670925862 5764.78274977417
7652.138522222141 473.55568410508477
2349.0254264849386 8740.211236039995
1769.6394207512278 399.91149819466165
6839.03308252203 4266.805201172981
1532.1301202753057 3483.4625541335763
9975.967540032752 9640.11547755531
7178.338960529112 8248.486520819077
3018.309554870753 9771.595637357497
5156.031131566635 6765.8195319779115
8963.338598020506 5365.2559783723855
3765.0530928416183 3462.9103121702897
9022.468206965084 7152.595931387893
2467.5352784811853 2780.355467049983
5485.625618089753 682.9711103925883
2238.592538625854 6929.342794905354
5150.07939282644 9674.626657516475
1554.1441991761208 8477.964139078966
4527.008151559874 4501.4386568477785
6028.0631891682515 7276.93365518595
3006.67032939413 5595.2306349773
8444.644399969566 8309.86549528375
105.70771731499562 6737.965490610447
2695.526875650672 9770.27622414997
2111.858362508586 7872.241237446208
4364.790217267411 6994.408323230306
4004.6639024232168 2240.908080150642
404.5745946971602 466.05223853681935
3947.476958295599 494.55404797029036
7081.278004666242 7070.156621672386
3609.326293298204 3151.3199199346977
7719.048493267811 4168.748668322228
7300.215645327434 8328.272485763486
4073.792814933841 876.2051340732257
6615.07633295156 5965.521301807972
1819.7249413131822 2834.2106893853356
3833.647766872843 2152.7801123893964
5483.598578904426 4088.4438595878323
689.640682577991 1675.5558854682274
3985.078036371422 1730.2786231602918
6873.046703720022 4973.169130724285
3666.366298766263 1821.1610081398067
8355.993792632802 3564.5925906447574
1509.5244703674105 5308.565462930434
1879.286928182329 8105.4138151014195
2159.7255836961294 3950.3326521190797
2219.2243082831774 27.96778229970709
7911.691990619569 882.2119951743146
6703.6280893146095 2563.254621772596
6668.227097797866 4428.856855482716
2669.1551038766524 2871.084548847709
7289.947981729837 275.22261947858004
8957.635349502427 3232.164681563289
9585.141939479012 2689.3832553525585
7650.411479527498 6373.216112253714
1517.4306337140385 6819.925521270621
8298.652888942852 4522.977460113257
7810.135725972742 662.253951915045
5667.778956596728 4963.796692882024
4729.308339098218 6604.8630098269105
8287.414381494389 7488.179496251461
360.3307289618374 2643.128885465462
3409.1721239206254 2639.838695939648
5472.521270403572 4277.393528448684
1943.6450652635663 2001.2721020563174
8022.393791745656 6872.765160300809
1675.9281330976005 1325.4626403490543
4255.608612250872 3416.9664022552724
3525.1909467863675 4983.984750981599
9895.070012207803 1943.8027418594095
9070.18718720453 294.7199369810671
73.95703446507196 2752.9167945512313
1648.8140721479572 4782.081545571581
3158.9825540259276 7533.2571629077065
1461.1905022646542 1225.6770141403517
8243.650710198039 9114.165260988679
3560.1740811255036 5184.828222541934
4638.232392605161 8252.950967657513
6323.308794414471 4071.8818429913417
1248.827302387474 7001.884525482183
4813.0403057753 5900.330342458594
6547.464338764364 9342.507688574793
926.3310747012887 6630.654403997856
467.2727969149071 2968.8742014122927
6698.47888575863 5536.5674664458265
1265.08798448861 1160.3010109488655
2400.295140893476 8373.737567904318
3300.2252927989016 6259.285842611578
4878.494701951561 4343.5249280464595
1279.726742811189 2055.7011659263367
6142.3877233116655 3961.2527866104197
650.5263784722948 4195.985022165481
8974.867001429677 4100.68480019805
3812.9449846773355 6465.719950093566
755.9139466543808 2003.3634801674182
7356.333044860128 6333.755182869043
3114.2044110088686 7698.202967351823
5085.287676932693 8164.566810114941
8877.434930821362 2828.646353168499
8692.233208898953 6987.079378430705
8505.113390121729 668.3580757054075
7013.070339755568 8003.0162937219475
7545.777312297877 3843.3005468807114
808.8816654901776 8863.72474172907
2261.643493341695 9955.754109347141
1878.7781098324108 3947.7128698688534
485.10713621908394 4323.97800171038
2039.8652541735673 6338.703389732393
627.448089935203 4553.275448662668
5602.217198558942 4757.165542407076
4099.162832893547 3849.6694833126344
5904.905976563639 7146.304305585693
2784.1315410923007 5670.391143460499
5012.8178652940705 7659.998176856196
4904.346151997633 6890.77534371174
3248.63495681161 102.03348697480851
1763.7839343836326 9792.932964915262
1306.744069867567 4654.069852118968
8418.05433727422 8329.85286750646
7465.980727787044 935.3961926806865
8920.7838805272 1237.7441665070144
2675.2635634925605 9118.762157454174
2922.843137447809 3284.7848011588508
5511.919939976359 6803.486782369589
9879.298272334498 4310.177701092134
6421.27997628382 7674.097132876783
2328.8636429366593 9304.146031721093
2439.5284691515385 1038.533043939679
4364.388870589642 2082.9802994675483
1769.4900782909683 2386.9493566090105
4147.628657392537 3864.3113656594096
3374.2231587946194 6481.99372321734
1313.3598990650376 8897.11858631244
5438.037640756884 2593.5447501965937
9983.964274324142 210.03485765019425
1380.7655329862932 5759.981999992969
5424.182341883801 9668.612208558457
3392.8629923054777 7089.495715989667
8124.816678898917 8420.624255280158
9589.47838514693 2057.8554957432602
2503.2548902701224 2131.465942877483
1746.7607548567387 116.5850956038561
7709.325961684393 6836.513309680016
1807.326941417895 5170.227992353121
5031.24789866901 2469.2977780387946
4152.879278208676 2753.8240516486367
6172.144227451258 5403.550582010112
4864.123507019491 1994.847422834919
3526.571957294984 6304.464479651366
460.0948252802828 3853.6557693480877
8872.439311121689 7724.594771341655
8271.09043026037 9136.521075727867
7071.982703876917 8857.173830194943
3230.197542001546 2052.514381937307
733.4879649343085 6600.174926240999
4835.914425045555 6183.063781531953
6878.415718126226 3824.3301403784926
7826.093025940011 2043.4034330627871
896.1700935304573 8120.509302789916
3563.8466219666366 4467.207317040816
736.9797492812357 775.1198814622772
9273.822426716442 1142.4011130051924
993.2288037043979 1711.1148384984508
3302.0656943087747 11.32559894947649
6578.779810203839 6214.067679273244
6480.526706937483 3087.0943995933067
6625.375104525857 1034.3157976021466
6432.433043579477 4195.044206923736
8607.374251206205 5652.6765830434615
2903.9953700006604 8654.173413283215
6525.110946852011 4299.180399630269
6457.569372900467 3333.609755577446
1210.0706607736445 1274.3029332335852
6408.595959369514 7206.4436554952445
3069.857842436229 9101.824680287966
9979.128938142085 3318.5600439260243
3394.7334876455184 1244.819846237546
204.4325326051466 2422.6465241282567
8854.574348857732 5821.989446309627
26.01098156864157 9958.887697064687
9947.073950468333 9854.552534353785
4385.985778482161 9713.933532310424
8516.010883459476 7170.986334142098
6070.036183619961 9619.849250721736
2111.2388000234205 6100.158353711693
2520.363535951615 9697.010860046721
5444.531040350829 6851.396235101009
417.556863148677 8700.075625628579
5861.454564251441 9620.906543996172
5030.46370396949 5866.785848404635
4512.095968516074 8021.056248543062
8363.713210533773 5601.2679830285215
5613.294922432853 3228.0181075005844
3506.9360528472116 8624.255973460193
951.7026099670578 6943.050613910608
4632.530011637868 7985.273215247568
4141.912347022868 9322.581120778395
6690.653004839697 4454.896893476587
265.7744288148423 3912.4652699370886
6626.5913194803 2510.603032509878
4827.280625634768 8603.79607625132
5564.472176787611 509.2851022240019
5884.291851743871 2411.57358782656
6754.284707065958 8505.660096750045
5444.014308538191 8227.373205213715
7085.223197077981 8356.455992793612
5025.048939382314 8390.641238877966
9111.91382011759 8647.32716565328
9081.938049178074 9590.845835494258
6661.778020866769 3591.5166257332867
8463.326395217726 1950.2668700149272
1464.629338230291 933.6103895379389
5062.396444715807 6025.187515026547
7539.658828728077 585.3603446493183
8993.75014840674 9773.126178091758
4924.135095019544 4468.745199320989
6957.345840581575 565.7469921304115
2928.5338044840482 5238.7152263972785
845.3738094998564 1567.5642270885992
6992.185494204798 2356.25861759132
9128.600606800686 9671.07127017507
4863.758279875247 6071.606427894441
9970.61225884035 4823.570262183911
990.0215128262646 1282.6653421845767
7127.936031369321 5848.113024997053
8497.210402722865 4157.159400316057
1790.513618812144 4907.152029369527
1029.17415454292 5877.521556439591
7914.910617841645 4438.38413649083
7948.0193343230285 9868.496251731573
4438.116794530147 1367.1816816922744
7408.848103421706 5368.22675089159
9461.033298109984 5811.151895680383
7731.281280354693 7477.887212279024
6534.473238716922 1220.1167459955232
2382.921463489448 4622.641493574857
9234.121603186166 5284.521465230443
5097.110690860588 6942.736421466904
4492.165268476985 425.1612872632016
4063.782065178464 4712.470205447239
3529.1444636561773 1397.80588332297
335.57477959054285 8649.218624807629
8494.735490426361 9014.500905909283
5823.678487872128 5249.076202534636
6708.994035444733 8952.2043519735
2853.815367148076 3724.9239105605448
8634.10502173761 6599.818779536585
3062.2913163111675 6224.228376408747
3829.962012541659 9737.457852541143
7795.153495472602 6168.239553423242
443.8430642293356 1566.3129640668737
2674.905741598891 8268.296121531657
2799.091599400797 2618.55109103722
6986.095378060833 8171.84303774237
7071.359011349558 2759.2728561828017
7050.742976618598 3496.7329015247883
4345.0456927297055 2461.507680833521
444.8477792349015 1371.8511052150484
19.356323686037236 8041.539361641161
1344.0383710066571 4763.883291873323
6717.958709653564 8804.170234169107
9258.827074073735 1559.5473427315587
4258.7910791915165 9393.933799108188
2050.964428112755 8047.06225239167
5417.855308968753 1016.2836762018934
7858.071344775841 5636.386097950822
9641.785640099295 4646.094443751156
4653.951142601717 5257.684541002952
8293.144531585853 1895.0505762859348
7098.907315043463 3845.193477691653
2417.0281365461965 6880.3705753420245
8904.003661171777 6498.9659174237695
2101.23577408158 9493.450729564405
1215.4353108304472 7045.076738797747
1191.0183509104622 6658.410329712778
389.7587166051797 7167.957645909474
9298.224298358457 784.815238991291
4421.617361329921 5434.08888890078
4765.676527166555 5438.550831640713
3107.183011934339 8700.316865885221
9713.16194388141 618.9978778653871
1836.6469244981554 9030.97520547181
5679.974614480703 1317.040106453552
3427.9782498915224 6295.050429807757
6842.586793960991 4608.839168137972
6836.811623602065 9444.955956242891
8357.737113288229 7297.287802887085
5127.466453552275 1436.9984245956657
5665.588003100888 4215.003174608768
5037.902088318241 4589.088800742353
9639.464981531319 4037.7781991661755
6365.1050013272425 5584.296615368095
4976.6055858358795 5707.320901582262
9562.500647813076 359.75779270914
9905.174416565334 714.2661778109383
7429.817285974313 8931.19048457599
4165.808022555229 8608.75918791534
7495.798875786559 9934.613621286971
1083.1956442143098 6167.395981597045
5367.115326386445 9659.749731453143
3031.274195714766 3347.163379600587
714.0863323696578 7503.6605724679
4821.675284490086 4979.515141299755
6064.069708486221 7401.488677549519
871.364173974043 7647.089782332263
6908.790545232227 706.1699324969406
3164.720988215849 4437.235571431061
8743.345861468673 708.0056984300687
3034.0797882369975 675.4729820688455
9317.246276548927 9321.909097199594
6673.476769408681 3302.1898985811795
8724.54982265771 80.10749963289987
471.60636064983885 5765.883288698122
7226.261727195319 2635.564195310065
3547.3029425533155 513.4687765658219
4563.7591451177905 2295.743685446873
2098.5031308566117 875.7700742442387
1682.3242080302236 8290.079487629384
500.5809237084813 9264.4584082552
9463.747817962347 4148.544384283235
7045.09217071136 7802.229619585585
8618.328393326918 1493.995895814807
2894.06677712021 2623.4339765022164
8868.615573820714 6697.231809880949
4599.243397823574 3459.7968542314907
1072.5895621082316 7766.769529369972
9184.495946075665 1139.181516321065
3328.545165081186 1898.4881544172028
6089.791445467096 2609.643832537185
2197.1194435812968 3330.085364695744
4805.002842767913 7420.952055164636
9789.842624404908 1432.235391662795
3173.197547944272 4544.971507793371
6978.33431541503 9695.210785048263
3366.139517591544 6440.019644951563
2575.232516981806 4500.365844666121
8863.795494797718 234.17600042813348
4247.193990752186 9014.860219759288
5364.907349388624 1222.2950741524319
6051.5406999828 9191.03870753365
1078.9152020492088 8329.019575321576
6266.760044683602 890.5512028508745
7670.679686435654 5724.878012096036
3966.868248653993 4319.691332759471
883.089667775242 4605.0645268959415
1002.4787831926418 7220.327417859889
777.3028405511384 4093.574885159378
6555.300497006164 1798.3818776741277
9176.15842405425 6221.827624621046
2052.649386870525 8881.760542933145
7137.413207308347 4715.445492893629
4300.039779668724 1963.8149445833442
3361.5631236019117 9882.96451302578
762.2503211400056 9039.931195382742
3490.1915280827666 3525.898482968459
2102.3755762698584 4107.077349097041
7041.636677063664 8985.783650147572
2437.068663838685 8956.98264011404
5378.831845981888 4408.346908503652
7299.074108778062 1030.2621642373288
8602.216310344471 7603.417073690628
9499.875743754066 1635.5482795447783
8634.080381576916 6492.6680323692935
7189.646260106185 3836.8927396647555
6910.34223226611 8479.977170819138
9266.969525342709 4863.176116164668
9477.264108177982 5875.243809006662
8306.720108123447 9560.633301038259
2128.1830572170225 8473.171742428529
7277.3384071473765 1122.3464314857833
99.03125746644537 438.153407145514
841.9288258279478 2717.799072218343
7213.80475212268 5822.589787470875
6911.503020004006 7841.080968937125
5792.741831302925 9031.99084716031
3811.8982200247888 79.65648620266941
1994.532917189117 4921.425648659879
6644.729098494965 9719.031473868363
4395.48464640886 7109.684282894116
5703.8139803015665 1574.6512913606969
9330.180492701187 160.74181670602928
1076.8302711994916 1428.3896651880746
1372.3999419177824 861.8805014117626
5874.068195673353 3752.060640149878
7585.50535916171 4130.909705426673
9741.460249086354 740.1972123702816
1530.458191744084 7574.721202301104
4120.332829610606 7259.811314852368
4075.3022647282223 1587.2326870280174
5382.614718233829 6523.793968842174
4463.2058790327865 9041.465442777793
8295.70612379158 9744.649665132865
2085.3796324511086 7815.1820856899
8181.826574654332 6307.184857107934
1526.0078760367023 4718.542956891844
8289.072461744568 2907.1351106944853
4064.600664853136 3009.897064928172
3562.0299671056355 219.99914420902766
7861.90099619178 673.4641238442463
3745.5951037245395 9420.386239009516
3414.2033125400317 1578.4539171049928
9224.304842510039 94.63667969449085
3786.3521937508694 5634.4530825856755
9523.582592526463 7827.344088459056
9226.665219962219 7357.747333188436
2006.5240397024443 7757.637012306058
6219.284183575341 1608.036676999689
1208.4653865085015 73.79878070185141
9172.722520133722 2070.744474121783
8066.355993600824 6953.730656568729
2747.8138214515025 638.1718219168564
3245.266379688787 8980.020147318097
5926.198592948934 817.4836621534465
2883.796138515491 3534.715684654878
5921.177025203088 3108.4497241469267
9528.14325004017 3503.9358187321745
1283.4630416222426 5346.952044640541
8139.623794519245 2425.004463742273
4636.861775738947 8228.291457521902
9039.047866985302 9028.815430071845
7190.882914734252 1814.9429264462035
1645.1658967648552 6770.140575593293
2990.418241405415 7161.196864246435
5400.359957234159 2991.3162879572096
9523.098270964792 8616.942421326095
468.712673060504 4708.396374889451
6049.728966899052 5589.986764621129
587.0595868503448 9841.912662302133
4101.367382885339 802.404177380417
3238.810960277326 6022.916354328027
201.1129418575597 3037.880264921271
7026.301423179656 5766.509077571097
8044.300196283671 6145.310092480861
8138.297307441822 3688.5198322104084
3532.684383384976 343.94220251470875
2793.3926174706003 931.0898273519019
1828.212789882252 6352.153471894475
4754.661256356063 9513.045870842412
5155.576801539287 8100.78797753154
8300.446218358846 2040.9739380561155
5158.470541053584 1693.6608031632395
1791.3324047860135 1127.8267920254104
7751.918235977204 9458.86624387551
62.99799595969602 6325.141439908184
3096.1414124600474 4260.70866864096
5423.501187485028 6484.619694566134
8392.270649568982 4113.372658064171
8322.088596079851 8160.559302436232
871.4971119371795 4443.483956353009
405.0339873893427 6500.116462580077
561.5831966896434 6855.726512590384
4050.9250502807413 3025.017217312541
713.6214958175069 2598.220705888079
2886.6708852398524 6795.774031226601
2883.3793765561277 7063.637455582515
1596.2852088310108 5139.72045972835
9486.50174987717 4096.766558663233
496.4618544193977 4772.013953566982
5108.232067505543 8485.732988696942
1787.4622679211004 3243.726907894525
8503.707962424955 5013.629452021042
5512.440340363191 9168.636340964353
2876.7802836318215 8185.328285614938
5524.947577838848 3724.6399197454316
7743.846620872488 6270.723413037196
311.13564942936046 171.07535137586893
2209.5704554824924 9126.078099196175
1761.738907109841 7462.42258687981
3300.9084659406362 7601.3198864672895
5903.725271275166 451.80782620580453
3985.365292843942 1124.6988588177976
7292.1196861454255 4882.456517972856
4902.71742270278 2866.324375518979
3103.345375964133 1009.6431665695737
8377.90458741275 7910.52579822468
3288.2932364352314 80.16372925772508
746.2727943341251 854.9506737987134
4304.0468304408905 1414.4769994919327
2297.5215170665942 9661.734289494485
1744.3659317859772 3437.581705984508
1545.0412514955624 7184.414309361876
7095.565564390837 6945.205576465063
1533.6565278699131 5588.572192931433
9765.443905132235 7469.058143611521
4284.387502761932 3303.3360440491956
2501.8872878481234 978.7695551797237
6537.401257678469 1094.6708820036833
6275.443350975079 875.6763123225264
3425.4046076149825 9322.078636120423
8186.873104069383 6454.913821103627
3267.005655890066 5589.134154313572
5168.425138760969 1879.677049478774
6099.421129429201 2635.3958634132323
9892.401814089078 9353.484610457332
6081.684243454245 196.37518075597106
5579.277545531931 5232.545045405548
7291.089164103231 5365.539940947162
8076.2704876370835 441.5485875941738
8990.9640963749 5454.647532917337
2871.3747015687372 9028.978660373992
6666.234281915266 9050.186374803521
3625.5117345604403 8745.958825805683
1188.0030916710648 2373.728617002618
5832.418532741059 3567.2903717855697
4643.296282616772 3681.999361811068
2692.4682065993998 1509.8480534029525
1217.9668594902548 8160.986634905109
8678.32486101688 7825.224525446141
3361.0452403121003 1422.0949153398965
8828.425562525432 7833.385347591043
5202.584299184478 5824.699179239835
457.9331377561513 225.0911886490503
3654.246652292813 1240.8727116418572
7321.9351348321325 4749.801900769701
650.1044490440667 7961.557550096198
3332.4131422823875 9188.17527195146
887.7023418782582 3344.1547677388007
3211.633073120699 4075.8354917765137
152.4630196439425 4057.8936421904486
4519.4366322032765 927.3565025018394
1800.5487170526246 9159.296995739227
2954.0162501049526 1940.719893140359
1985.3687406590948 8402.117368902884
7401.022106290158 2776.1402296729234
1149.4741431213683 2863.7032146364704
2613.199750085313 1359.689749854025
366.6954194101912 4726.916183421686
4693.461489669287 7949.140893895744
7115.304926321283 478.14093764553144
9974.786439076724 6351.61193614435
5251.405955761662 5859.862633267498
967.708121670473 3776.1597411663406
621.2328207523221 7402.472213926564
2661.703404281853 209.24223057182888
2246.6735839138773 8646.758465026982
5858.65938798957 6338.745798477705
7823.847355272954 6505.3624744887975
3363.1449368622802 7350.161163799298
3447.362716196006 5961.87689931957
5770.52817604996 4828.222406007462
351.93815536898376 9013.008177710135
9307.271121300588 2010.6527165718135
28.889648827747916 9470.789198425879
8415.532206005273 6084.254983089074
9802.22324601742 2653.820766793952
9954.664736011055 6141.08146851135
54.05934492181075 7006.962049681305
8317.460325010621 7416.9614246922865
9317.85651485158 9079.649458080337
811.0516409112989 6013.39738384034
4210.863655979157 7960.138075101499
6512.012146718802 6424.3240385821555
1575.9359546237183 1883.7188475095845
6164.312371889154 9226.115573402594
8773.037054102007 4546.354568454542
6323.453949575561 298.62037218910234
2846.8877170735805 2486.48095801971
2550.644749756731 9626.726291273733
4790.500573919816 2115.64272375245
4609.73906749147 6218.605996696479
671.0648363904781 8843.862588266034
8418.283632406155 3262.6788393043284
5993.285169825258 9606.493613321774
112.3877077153823 9491.971235261764
2423.772922798375 3232.7511244077555
753.386767239308 1355.0765852361758
3490.4378034162473 4645.86533859334
1891.9232528023433 1730.8674957676085
2338.2277125638616 4744.9481900304445
2918.810235708489 6061.991764646654
6938.272194460846 3920.4880839566235
2840.369796967577 3153.6198374756564
1031.4800045519046 9276.590392056129
8167.6165427867245 3077.16732534886
8349.726065790523 5611.394492689276
6029.130743472676 1012.3999345728529
5791.066430774602 2918.453034315146
466.8710949009414 2583.4569429178964
9835.72960743358 7245.045391654804
1639.642228117112 5990.622662851155
5009.790570975417 130.11562880667736
9271.82360614772 7176.547395925975
4592.270505808439 363.5586087011866
7930.778101401937 8939.497453616577
5148.756612324364 1366.4012350743626
5683.007700144675 3905.715059715793
3440.862825224559 7273.888116595926
6095.1715379867555 961.759184909936
9528.870483380342 6788.16201641182
1251.5634586505498 2429.2481394213128
4765.104184915835 4156.458466119691
3929.1263674446595 6621.348540837428
6494.027679863533 4565.479497146258
7568.882007818744 3322.377204562528
4810.708745300402 2500.720145084767
5310.862740629475 139.36051562159602
376.54805534573677 3019.0794208779093
5468.7787324839155 382.03854638355295
5625.367955504766 8130.034098825919
7775.224196548127 9884.104383752083
6838.972682555744 9533.571045732297
2476.591450502319 112.79411228757641
6959.884571418424 5811.499731686863
5697.668599878542 7722.238772565722
5103.936835309965 3905.1979049309302
616.8101083527555 6276.028089075657
1216.5090080500474 4987.373212761916
8850.435117627421 248.68123379594874
3960.2255816331676 6355.52416241714
9208.568267860343 2718.504547880939
7764.617056098741 7311.557138451102
5839.855919183486 990.8589355428676
4545.327531547969 3988.365862725114
7085.985828757265 1553.41369713618
3764.1659698033036 5112.468691986107
6260.951744663109 7296.865428003518
5459.807783289258 3019.711291558156
6623.536019592935 2035.0042457057937
3671.36624983911 9354.890771700953
5112.864428727619 1386.087148056142
851.2998747217548 366.17674325126194
8977.957904809226 1715.5738007456412
3926.59548016812 6068.83907864156
8305.30553001623 2307.509875125243
997.5930685451729 5798.706217759178
1314.6890843366866 5092.572199219484
7892.849220966632 2611.083085351249
3339.2814194543575 8163.044108039189
8824.008100248086 3256.079099754622
1727.095959190088 1089.7981471700446
7865.526980328692 7470.633423561597
3687.6695055337427 1879.8233304933442
8493.707015816599 3604.6304103028647
1653.8406566487197 7790.1964442372155
9988.021395962369 2625.725262256572
5386.948918252573 7726.562479553514
701.0093387304095 5671.281975848231
5204.254976969188 895.8502388441025
2508.912113555584 6887.056550638755
7428.216903121689 4511.547445103817
805.4255047760372 6334.33084747003
8862.901654217761 5566.676478653185
8741.037887603194 4191.568666589483
5394.089752522517 9983.696186831367
9686.905447320209 9100.128824236728
9956.578354360545 8186.568756633424
7516.710686943312 1543.381352504496
2967.067107229501 2076.826533299416
8610.84239789082 9749.686090397703
4631.396371643332 6593.40440233622
7357.871587846101 3392.1725826688275
2647.6237330057606 4820.035070160512
7560.965410398541 8145.639198368064
8272.210043809937 9951.588800283955
7433.6263800759925 1418.1588011662293
8631.82776286129 2796.192111734477
1750.7673271574497 8357.39030071165
7534.640913920259 5754.71012592409
201.21710810488526 1856.443139885965
1222.334910027405 7920.241865608044
9508.635132519212 4693.59049682902
3290.9153623905195 9721.09143955495
8383.699378707377 9056.06200789019
81.18597050211451 4292.421034481361
2536.471236112321 5942.689581337085
4551.138476888782 758.1123528120703
2644.5319369834774 5331.48928885386
1962.4312774353448 5536.911644858823
8963.242352684785 1502.7463259311924
8366.954333624457 7118.308037195
6209.280916145274 6114.819427976347
6592.611229906703 232.1429359631455
2480.463793166292 9470.95450931266
5532.28710515355 5974.890570410659
6047.2005597144025 8049.287085222847
5087.53436766766 6529.064547824492
861.1668093133118 9017.40919241627
3297.4470685667625 8287.243911558244
1097.1085772190181 1919.14331590457
5457.401463823013 9370.390986544015
6362.896175162087 920.7297391610348
6183.253065387521 9380.141994257972
5059.818982006109 9983.892610078294
6594.162290815596 654.6952404786177
3250.105650765518 8782.24056118827
8448.976135227847 5238.233797580646
677.5602798084757 8204.955043017604
7832.742596953107 5992.319820731893
3770.7127866760916 1636.2450833791054
230.4319811725375 4942.694955692942
1578.5231871310468 2893.993856664583
2920.8069690880666 491.1987797724504
4320.3451071971895 6299.1976278383145
2871.5681950202566 7093.843897969421
2503.082531314148 5327.082542966149
8124.161290085763 3085.1988818012564
3174.070260098919 7840.50069682767
9142.001651338556 6278.569257128294
4572.979238876434 6664.227773460641
2216.460774840473 3093.245857095358
5479.076830919025 1070.748736241174
5766.380797041982 2624.4789062635778
55.049464895640114 3119.130090252302
4357.095074750333 5971.695937748668
8004.8087432095535 2045.6143028102713
8567.017173564673 1441.8111540484247
1346.7819603911746 5044.893120259306
6727.203486793717 4601.822459187305
8460.38709824542 9650.880628081637
6526.761145466351 6627.196337902814
611.7205508278722 7738.597408220176
7505.112653833052 5119.348290923606
8482.06097967044 9849.847384318093
7241.928045588609 246.59908494040872
3776.194112355623 6013.920348175216
6538.62737389855 760.6150206404394
8396.738371103733 3898.3010969417433
581.5961211649445 8764.726485553787
670.513663598793 8610.242379559728
6815.675276710726 7661.954763664956
9983.317648344388 402.63281798479267
5384.421700270124 6698.695642758085
4825.170239876519 6731.1623298958175
5720.114488417289 732.8993945925566
3348.0391307287573 4644.156525186125
4837.211871714045 5765.253762387514
7462.877302083412 6660.614642789725
9315.724134491153 9429.65864877992
2697.0687702163987 4730.646913042729
4984.315817073203 1765.4045676396001
6897.454730517799 4026.409182144288
1131.0640785247772 9137.821178477741
6419.206359277522 740.4553250184942
9492.423312547675 525.1704389074973
6865.426286274663 7944.539583424248
5357.692745112691 8520.52687687764
1276.812372430869 7468.086583999691
1257.515410559652 1813.8079331883027
2431.6644903356355 7150.780134479519
9394.730100009934 5526.388080216926
6202.680286181627 5431.251851517678
4762.3515637447435 5776.37590816204
2620.2201716600416 3566.5152791379296
387.3899228889488 7861.036143489171
6136.76424355987 4215.600833503993
8871.450764582012 3025.1340098682276
4641.42247209936 5316.324074471412
355.03601836953004 3077.142769493579
2444.5239155055456 9049.745621743688
4709.297968446914 7276.4576068219485
3675.023997327125 135.8596304801729
1557.1447273087347 6937.165024270889
9723.309418351912 3524.645143119329
612.5125710232859 6710.306770779244
7786.726255113952 549.6843635619508
3552.498073865459 8904.0318295129
3681.5883832447926 5671.110477366496
9108.810645958036 5901.091726066717
3672.776887732063 6618.091100574948
9145.803969508052 5336.655948611366
9752.806088654925 1839.3155370842119
5548.750808625124 3159.9337029334606
8322.89257398361 2530.7180165038567
2655.154779183947 1726.572078860381
7252.7962752822605 4256.438879821411
2779.6751929681386 9989.917624739064
1094.1913008027059 3605.717377259595
8347.592563080649 1746.1437082592756
6831.981577951057 7485.2946895255645
905.1034537183633 2154.5215211118675
4884.8908458092665 8830.758015339783
8458.07389120478 4691.201964205517
4967.002324783223 6647.568445084147
1801.5398680470041 4334.401569929683
9869.89058881027 5858.381182135598
4779.837809726263 2955.562646974318
3160.602275607214 3042.049006078651
8865.577427877064 744.8468030845279
1014.3329297908998 1793.2397515453647
1617.3817086884567 7989.799833832391
1830.1532360400474 6686.894043973921
5107.577052477229 9385.303180082568
2428.336933054682 241.11655914554996
3524.7078836936885 387.05475087330024
715.6545542019121 2082.777323413828
1962.8422701195714 4251.855527588707
4947.162802094475 1415.6104882048837
6839.489025135652 8649.338091477422
913.0821509055764 3908.471989031249
4834.691240576897 3826.2488703606
5496.401885559904 2049.376520488273
7598.444982240456 3879.9568995226773
9878.543505960475 6035.180903898299
3074.176572253511 7403.611363818604
8128.683727170312 1718.028049651713
8537.13168211378 7064.750118053414
6535.355915479439 90.66388391745895
3911.181648024218 2880.5658500319964
8687.480657247912 2195.2678962296977
6960.81757998902 6884.290686228151
1783.5643358144982 4660.881852302154
5889.582502097268 6460.528809970662
8137.335846966522 4089.7423900850504
3238.543354852924 9530.710571763626
3094.7990295061813 3002.430933951634
2306.4364899970556 8016.170181535046
7822.158581877351 9223.855182425894
7199.5072865387165 3700.312478322325
9543.186210919353 8829.800176829747
5195.493518040934 5253.359473575395
2507.287636650912 5932.44853041942
2845.473413917586 4019.4338988405807
1700.7939240230862 8340.756584870445
6612.846308410445 3087.1875040210152
3956.185449674181 3870.8772311955086
9697.238775272195 1040.2057559214018
6876.28482089543 1626.9279172516372
2662.439413324269 4017.7758257175888
6899.396382697981 2493.9335753542778
8844.435945602296 9951.82621299076
9362.46190337161 8004.0880744195265
6294.0610325261805 7588.20393823998
6621.351832200081 1207.996707747906
7577.317933960702 2965.758124898962
7832.245788478897 4947.8018426095905
6423.795038950858 8486.886253170662
5087.817105315317 8205.935700011614
7386.45224372252 5428.197363887492
1489.4006958659045 6621.038165121322
5485.903293300654 9421.735672226801
9273.032228611934 8857.6889878227
1062.1286572206834 852.6394292872808
9843.22727182843 816.70269523467
4181.69536764642 7502.699686554297
2412.332365745581 2901.0602801776663
1805.0096007491156 7194.633494873803
5698.414406709425 7706.131010688439
3377.726751548262 5910.920894725149
92.15011643823101 7237.294082012002
9681.149138537543 1742.1551071863262
3953.937042139356 2472.084468689585
1423.8970994083923 6949.359572895412
3927.081937747642 6354.017912342836
1961.065987725028 5682.028670767711
9974.812321370919 6121.689244482364
9627.2347905122 7647.2874323215465
3190.9823836946825 6572.016617758261
948.4739079302407 4621.869820189611
5693.9530540159985 8532.338471727318
1407.3422963225123 9024.191932864587
7791.92218968072 3407.8790102252055
2484.2356528908504 7207.234880074562
1385.0497665893847 8497.44083217707
6753.025853695166 8788.901562207435
8488.90949546268 2295.886606970561
3326.763616049668 8921.401981456935
9855.071058155323 9838.757945345653
4110.714029124611 3475.93087039722
9311.332826093401 5382.191204182373
4052.043191484057 25.12890560038783
4698.279016833585 3376.399786107005
6070.806633966982 4737.619301671264
9630.33080097737 9389.91237549138
1115.8765693864148 140.63798012029284
3144.967186795178 2974.0432485614233
879.0240526728354 7458.7725857349305
1327.5807284300977 5457.99466766694
1253.6800332980035 7365.647071841206
3.038895139321207 3074.625857294242
7899.214263578109 9001.706364356098
6953.070612396913 7298.373606008632
3240.521042800316 8372.947481801351
1447.7058505823047 5503.458036238484
9281.899192965782 4962.33487608834
5997.668353769571 1046.7225284599458
8586.103503208098 1349.9185013795434
1480.2581585780983 9235.643910565463
1464.4599832866145 2600.233405188668
1347.4160578788997 6240.572254747023
6651.260906721057 2424.8600376237628
3035.151604320322 6473.029566229581
6416.215509660349 5458.0195294362775
3687.377017407344 5001.549763951154
2474.623829846391 4540.434155882473
5087.901202701344 9032.17674060433
2726.934279565564 465.16736660014544
4238.938757299698 9236.721657542434
461.51114545681435 411.98648248754967
6074.581599416479 9892.268747083774
1258.1625193280254 1055.0356122125681
6338.525993239157 9625.023739829001
6666.526813368193 5714.64516389482
8467.279242153376 4335.567276890908
2415.1799817923047 1739.3112089861283
6650.668538910515 7568.904371921902
9413.336464777982 2678.70100959931
6467.96271023214 2622.9224147337127
7038.175658451369 5214.677698554354
215.97326826027995 3363.8224090203107
6989.465188811043 914.3275382450145
9468.55340750043 4244.182159227275
704.4199973022813 1367.4255470295304
9407.434927983915 9370.035081205362
8730.222777818237 8241.68583461337
8670.193246308649 2361.383132907284
2064.7922579596766 2017.4312354523183
56.67392684718608 2632.0471766105
2232.736358005072 8556.487343545085
136.97638442259574 9103.071008275845
2286.9147785533305 5472.87820142258
6246.983305485538 9774.032820678256
2818.615752519361 8967.240692122694
6694.733048894167 4390.472174982219
6670.377683090044 9808.256789603722
726.0612024641277 5669.352190566525
3538.2928285735793 2354.2747888326744
5839.290994865204 9498.128821111715
7406.467248728495 3321.942359887873
3491.7806340409684 4866.371014242302
9286.376442903294 7428.774161119443
4434.044265089793 3776.641578596889
7287.609350827162 7619.357562496246
4152.684135677919 8761.47906981649
3117.208417627031 9888.186233370052
4665.43022287736 9849.744622691675
7979.069599821502 3926.725964261306
4349.60642453392 6461.726738503633
866.1774399633915 940.5147449147133
810.5189366626275 7891.975105407777
5295.33474535049 6136.560198184454
8562.667652598731 561.05918775465
1540.3499231861329 9031.50946807687
3061.300312513006 6098.715452542733
1697.1418384977267 4521.657507691064
3856.553808502513 5094.828559071431
9686.373811014422 7571.307508231475
2832.7162851975595 7870.335825322746
2208.825314248577 7272.045038242536
1778.392494040948 247.65031712677742
7379.22652445426 6645.102793146655
5057.713839873534 1899.2326887259426
6299.23645494524 3606.3056268746595
1390.456771007098 2874.329040610766
9160.147006940675 3406.0706014240327
2875.2497852864244 1536.9357840297405
3388.5566653416467 6081.519164057955
251.45277034746226 9637.176895114264
6327.943013851748 9367.648896361605
8339.43360702069 3756.8528837723
4234.2314363509 5103.56426961159
5243.064707145773 3243.289666155099
4164.634711842741 1346.3108431595472
3060.841033874315 5718.43034548972
249.297458320753 7117.951762592548
7500.152964733704 1680.2681716633406
3373.9051031910385 5386.118901327535
76.40747246373536 6427.34115634865
3497.1688008386227 7046.718388841115
7817.784607307545 6951.779843529431
8851.698419734277 5135.3996132110515
9733.222381603131 9247.867704285296
3508.393348013291 8167.575652348125
705.8459383549864 9695.66789101816
1259.3413285058064 4811.614455829072
3972.6855339843737 5229.521196518014
5148.412339006455 5029.819019547875
4546.57021065898 2611.309451393811
6347.06550294735 500.2884367886007
5844.00865020524 8539.38989893895
8418.740852593735 8668.339360548985
397.28357076848965 9609.4387838837
5515.239349108861 7069.816280893787
256.23284886592046 9746.406959316639
464.3232131984609 3560.964502680859
425.25741551321164 3726.8620990034797
7952.49307753488 483.01408613541264
8588.354517610229 1667.2965107836758
3420.8994561211257 3936.0107089439775
5376.981970905421 696.1649152582061
5555.709013741395 7637.974227689992
5927.319998632321 2441.6338134527728
3130.9676360042713 4680.8975564515695
5060.077251765084 2776.599969049517
7354.7458164375175 5231.6362319233485
9694.394672588664 1778.4657701323592
6511.419523679313 4552.806951253593
7467.578644990941 1979.4921493892248
6761.531874478976 6883.7624779188445
2318.001523283383 7848.090603970281
7652.042848058156 1504.869940197734
8747.80966916576 883.0069268766349
2259.140183047159 3170.8267702107582
5795.547553452999 3481.787222589896
1022.1449665970628 2529.4841552944513
8084.179121796107 4145.745936146888
1140.6531371467454 9392.714097165299
1690.4618726877984 147.12052682906207
4666.282124707609 419.91872289317223
4397.396501988431 2641.8699291563817
2325.595403616544 8059.708723618768
9028.29637961553 4162.72946413693
2216.446212441615 6391.90227998498
3592.951601933445 7703.042000418364
4528.898161927009 2600.6656622417645
8071.560981654705 7092.59493278459
9521.133978211861 8271.275319097429
8603.176981669134 3156.4194841012495
9592.990660138443 2786.456593080113
7463.635027104855 4813.052955077177
6835.573195212072 5599.27037024112
5658.544400662156 7414.5194368780785
1665.3292558103105 517.5506648267736
8162.129562999815 8739.556590798937
8210.066966361212 6762.3784999012905
5400.771526370659 8595.219211065976
8232.67644760803 5115.899739790685
887.3072020595263 4005.614494455967
3287.316306087722 1513.374544845101
8646.875294929172 7661.194221891621
5041.567458654039 454.11040703475345
510.1376848183448 6315.80248410404
4178.674380302892 9448.495279245108
4481.922695476668 8458.103418358209
8282.891096871988 7462.760119842651
4845.471900282509 4587.203864475214
5171.927239406056 9463.002218905962
4750.230212912345 2637.013562026845
860.3623093237723 1482.1852997809515
6827.85794961581 8040.514300409402
6711.486335087568 47.30977914435108
1067.1727437724699 8483.635564917297
4984.168287610022 7479.959615280869
4679.953538955998 9890.543173497344
4915.413703018622 314.5853983737046
5819.164971240481 6152.196573971921
7769.309731013689 657.3024308400633
5557.831155689369 5626.869423524733
1879.2782954003628 2930.395091777276
2302.958868185295 928.9867040305045
2186.9946384222526 336.6451344362043
2683.3529828921733 8619.024622137016
3754.0379565807 7648.848441932583
1838.6393034682503 8271.706818138246
5908.072269029646 1967.3225315040931
5418.654535961999 7504.165620728274
2983.771260198684 6012.4582356709725
7011.353730816478 1271.1287288090111
6687.628293274126 909.1175784005279
4840.7705602517335 5660.943237600602
8852.79119980123 776.6553279694388
90.51082746063477 6736.827836790091
5058.58318574756 8279.92585540649
1056.6382110269867 4217.065037770176
3410.56309779592 4671.199518818877
390.837441153169 3135.669992899405
9270.925264041603 7577.610659110847
2089.8347967693753 7673.540782808203
8643.578740693905 5028.613041307789
6085.826767362246 8535.565128307902
5004.208637507154 8158.002962794963
4960.383774404512 3400.3085550220667
4360.2869033499355 7601.648916922514
560.7211085281006 2265.5242251858976
1226.999216128929 6875.702935309689
8780.55659641933 5970.796009877837
8569.054579871026 3543.436707561911
8674.753592510726 7696.0526502489165
6810.4055478679675 4735.12277101973
5977.8904530906575 4018.6016243272647
6366.535435617177 8063.189923473804
9022.282584722363 3248.631749471319
5758.592366743369 7809.989407864855
1930.4699482353883 3222.048381916255
1710.3679555292683 4728.186321842038
8738.76205146785 9714.520569418974
5295.342872961527 1708.20506844649
7971.030093851543 749.83458852937
9296.719673504638 1396.3454124503205
7119.671144024678 6417.248855475625
5779.842380778092 9341.67328845489
3800.5619361550457 7848.987241774583
7401.299640440333 4000.1392028854666
2208.2287436181746 600.1406468964021
7996.676776623995 8244.27142481724
4443.089826293889 2114.1349298851064
1965.2441087996508 3116.7955906543043
8559.656488891458 8886.919634012376
8181.186341852706 2940.0137581464382
8197.125620996982 3023.357150924282
7470.602545942098 1604.1812482192752
1328.6731122779206 7656.843334913582
54.46421173507021 1553.4860015560114
5211.996794799788 8912.413080835675
4791.4704905747085 8154.423409288928
8506.815126996213 817.8239912870533
1337.641979180595 3242.580772025715
9512.775293630075 7210.261686674019
297.1269607801297 8626.137070284394
390.36314058927377 9294.568169342188
9547.228050050904 61.54499011062686
480.1416666344194 4155.48609873833
7229.010011589535 68.47852670646249
7726.211746961607 6038.779098167895
1526.2097675655805 6821.857940446451
1162.4705120400458 7062.31948596378
9097.552225398213 7197.785388347401
3233.0151232189232 8721.417004135092
8308.902395826837 5549.2011720352375
8803.632629915905 8271.115265030083
8436.323212772291 1670.7354545893006
8682.121472377325 4359.536461853204
2423.7544760762908 2967.817749093168
2218.113442061498 8393.218096099283
7247.919886914637 4525.430629058579
9021.34130842603 6377.984032833915
1479.2695690654677 7201.68232124236
4855.406131282507 5573.7648637914435
7954.749410423857 8542.449082282617
5786.252722383933 6628.955130731745
9191.19289520647 7712.4408686342695
9357.43403767229 1493.0329677200648
2404.71231828716 9458.127306712537
113.09695798083052 4044.2169207030474
1734.1530376701796 8088.500602605185
3007.931662368596 2840.0087782801597
7023.609292878473 1639.082793670056
9118.012744029234 6598.8300031568015
5437.412646623074 9798.799884109963
5961.294652702274 6519.406029852389
8456.83879721841 2589.743380700741
567.7631539692096 6622.092566033481
5217.052254673062 3373.666117725507
7429.706281689105 1330.4416791036765
1531.536213454906 6682.2732840720755
890.9061326984646 4271.339229612307
1775.2930842755122 2118.14069281808
7318.417217603611 396.82014278108136
6932.767539543845 9165.995351249998
6751.902608265304 1777.793141262488
5226.167895716707 213.6079867089502
1017.799466301863 8150.718711785323
7075.550376530575 2201.3539734025776
8305.499442686167 8005.868385712493
7597.548927350332 5892.196237161872
5710.84103386203 5062.649854878524
3278.069469644953 3324.665453864772
9768.175687783829 6946.35360873169
8030.161366010563 5026.892996093931
30.495282386806544 4320.603853486849
9175.332458188363 4041.0393356495233
8556.603210008197 3591.959556875375
4629.664057898747 8904.980982924717
6903.551518788483 969.7782460500737
1816.7868721298441 486.3223576100373
5340.504940647519 7101.910226245329
8636.174123738698 8432.563163735907
2158.5236441077627 9774.130613963096
134.8639395297635 3410.539485644728
4240.910935149541 3996.5972104094217
8168.948105423398 1178.2091162687102
3301.662233746271 6449.822263313482
6046.62860462479 8457.534441665472
4345.214386650141 838.5082356918061
3339.1886905901656 6915.439255632185
9973.88350842165 7790.340484167341
4847.193363045302 2497.3572361924303
6533.029509015798 8630.684382222938
9808.359766055577 5461.627765605185
6860.962215467086 2223.2395021589823
1488.7457756191368 713.8172880040305
7089.255368584232 822.3211884136928
4588.328080425796 9001.109874439719
5144.73114535047 8905.290770127833
3440.955073681262 1758.6304593715895
5038.032581190888 6909.476081283403
2786.512144800494 6904.366606062014
7652.756821242963 6321.646514442968
4597.251328760253 3821.024358827463
7115.556509091079 1661.2680453803785
401.8338711236724 8262.96459842651
7883.6359527615705 1987.8844717788302
1793.694768861862 7845.050582371719
6454.622977288614 7458.062415110627
1641.4954141390715 1214.0230334779844
2348.0541007656884 1782.739004453997
2684.426307315242 1456.576853222934
8896.37739156093 4068.06395368419
7027.119147247651 7896.4034808418855
7709.381617759374 3319.8162554249166
4128.6526793053645 4665.263849302085
7796.957179938993 5759.9798328355755
1096.6416412707292 374.68822884484166
5257.185448771755 4672.92609573131
4662.716360088236 5330.320512062627
1627.602026844157 4685.742216136713
4067.666995751805 7732.568488464662
7180.206461530306 1494.581673364893
2697.1705311643536 7672.776707647809
3010.538531692786 6369.2334160939745
4632.585916126284 3269.1852701246016
4272.736241104277 6470.101621101213
2722.609846499212 9822.60718779418
4606.117338192111 2394.3839739919604
594.7842410851712 4692.172460644039
1292.5533937277778 2388.877384596938
7522.449504660869 3772.2817907427875
6348.470735873132 8965.647302102692
3356.0833393496446 7666.515844156748
9936.012372738127 8130.644820120409
870.9935942791103 5128.580449160224
4173.551516916483 6591.490440436596
9739.18953358865 1405.1095380179213
9870.584047728378 6804.301325580656
4993.703559208031 9135.315982314773
2002.3541765764742 5768.600811808221
2183.9403158108985 3374.917169997088
553.3934744967617 1538.8933505040113
9725.529998322945 1396.380292799545
9925.09750046456 4858.360571719822
5602.3791007785 3548.629490038582
8843.041974031035 3228.337551452707
5962.47189504333 3162.7048125291803
7545.174085952205 4253.562045127915
1774.9373291864533 2671.9598855845916
2684.389605177353 5293.3916082146225
7285.848861621682 9534.842607177938
8097.713896145798 160.7735166159696
2890.4654388644813 2891.6443822338056
7547.641151946242 8224.058593972759
2012.396710647516 4297.073135249206
5441.733467638474 4528.699728805044
6190.7257166198815 9413.89737692139
9795.645593711755 9758.411239665453
5449.922510771512 6752.198778266988
6426.854669032856 7805.3084671680135
3816.2937419866794 2442.806425546233
2398.170362211011 8452.780368811324
8754.631154317003 2785.0639624595797
8811.276706088014 9262.171612621914
1455.5065189663007 1710.4444536302376
4653.2587533893375 9853.28683364029
8504.145926893503 9993.038710746301
5510.663115165877 4181.129526554008
6011.14597991398 1512.6912431985595
247.20425202302553 3082.0885539748665
4817.11348797905 5224.196679342802
7436.197609590204 1025.143636287701
8912.068915480002 36.10839813363076
3079.633075078072 3741.589693399584
2690.5395947492616 3899.8359582806697
9849.648077092079 8307.163744285097
9577.303232247872 6466.188295908399
8528.785583639696 1267.3555818573468
9825.721711428905 5965.063896510537
4128.943096019468 8649.847475211212
6638.336118943882 1003.2706935794844
9122.582439187647 7084.368389885069
1158.7710995180544 1932.611231650242
554.3072799301318 3619.1215035073665
4508.318757832805 321.096951997506
5933.608347005045 867.8217795804177
1563.789240552802 4857.97817804098
5976.290770518655 9095.716732930694
4965.362584283023 7276.789992139145
6020.310572262829 3321.113926634298
5202.400363508193 5736.282855063135
7940.535410830798 9022.722695141441
4665.027866468881 9010.833304480842
8237.269212487898 961.5321488450668
7299.64939018322 9385.117539893077
2581.9043717730183 2789.0474384873787
9734.532737598021 8280.66409215988
1442.2063092570713 9919.766062849334
5505.3246258411555 6160.330181011983
3650.0976173911195 6935.264147661339
4080.497915791336 451.1815472184444
9161.763471094262 7762.2217753956875
8424.303471089474 3063.8103338167866
4783.651878197574 5232.984403605962
6719.703016899777 8866.617210495111
1959.68648024494 4614.508291588354
5021.8445049969805 5213.147656239242
9247.986913261546 6521.74243585675
834.8357932388906 6990.775339776318
9342.575985713429 5096.559628782295
9522.349708232412 6100.307743469535
3202.0638738349517 6243.140112134332
3782.125666020696 8392.217400733507
92.30875148175 1847.068853876356
8984.09205550571 4487.317587039103
5377.700994163392 7015.8937576725875
3206.8960729239006 6663.327716305012
414.2061320898527 6257.825880766497
578.4045470739196 1034.2681428307499
4439.844664014378 2236.0528982312653
9218.600605717129 4344.550785962404
4329.546926688884 4760.612051434678
577.9569966947818 5272.132755983796
2268.1761510223487 5994.660050255973
2787.134130755531 2525.6543348162177
2872.149162537563 1814.288938683316
2351.132655692737 6817.148940829488
4511.696033639675 4293.162375767855
1930.4372004449845 4689.704156724959
3884.56461571054 9330.044257111134
2446.040842187178 5789.488516586373
5872.564134269646 8620.021845455347
3299.900030144829 6762.379478955055
5888.220927627825 379.02055688019186
7678.764802445742 7768.796905412769
11.56547763601079 795.0910252400878
5394.148973096324 9757.540585490156
2359.6864423531792 8513.841371796914
1063.886035593974 7092.866562890418
4590.785053641693 9963.594372908981
3376.1060603396963 9989.338056721874
8291.116282306213 2602.503648997343
5864.92125736421 5373.065679233966
4165.3984919386685 6751.535003312004
4013.4507571571307 3735.738214965407
9614.127667757679 1075.480401383555
7799.16449090445 1863.6517893904536
873.668805364155 3649.306296278557
1252.3626658593812 1648.3810722765957
7854.3162323015895 2835.143627785286
2963.74714100515 5621.80356873502
9304.547822127188 6276.661818749346
8814.435292153858 264.34110602242765
8688.77615609542 2470.096455271091
2547.4592786931084 9666.253254065434
8424.81623089513 4620.028990308924
5637.586493211392 965.3732068249976
1273.7392311772278 6349.678915684952
8596.170893728751 4047.334282302709
9714.372863483119 4717.021698952337
9154.74010166783 9723.398341077218
870.265531157991 5206.941004004212
5146.014298562629 4364.651719014167
4679.379330263167 1561.4623715171915
5984.29661684412 5316.913963913435
421.05267409373704 494.1879692934903
6075.104589741076 2805.285645753294
8365.196107148493 2093.114824353769
1184.2649162006958 757.4757553515943
3362.7685584378864 7368.199637656523
6651.5490359348305 1530.8487650668412
4600.263896781513 9011.640423290217
6106.339364201143 3361.065442982155
5150.7321130182045 3379.4361278199635
8726.94938010163 7124.401813177412
5346.77982011512 7292.63063976333
7333.3361392122 4457.332550955411
924.4632906245953 4643.3657052854405
4196.6700126714595 3823.2787773569808
5336.006537780895 9692.30708527505
6730.875958532123 152.89171400108992
8344.28496316023 6128.907665751655
8435.997518812042 10.527696795796793
4468.658795956278 7473.082123445568
3930.1811310062008 8521.586143440212
7656.813329801472 1181.6684534146182
3288.091902702048 856.1564370652696
5537.041661514088 9926.74127828607
7509.59254489509 1680.219109400526
6536.748811170645 2672.4223185775286
5745.710132782049 8166.464748746678
9875.285888316283 5521.735871141455
4498.363166142112 1376.7433020094522
1331.6369772182068 7307.37091313506
5342.604040255497 1902.4206051755032
2999.851121415149 4697.4542510126585
7202.513679147062 2756.9135036624825
7536.6543801714915 2956.4820947595094
2909.370440585137 6845.033920920642
4601.876262631368 1936.707595554914
6822.120425868925 6587.511479878596
5182.069733463428 4488.566590299868
3236.1392944530267 2869.1053254578424
4700.537902875942 8371.745970611262
9663.823877451632 2518.8936809309903
5899.277057801906 8497.68450188859
1755.65851400576 4095.2659246937474
1383.1591787437203 9045.390636652157
3215.198060055219 8893.139854849784
3301.976999803262 9258.449855119245
127.33400755910007 3776.0858340289706
4036.3390924712894 8717.208578912536
2954.419640364484 216.55065426453902
6334.449587936304 2369.0490166732848
1693.1574636738856 3238.4355561666666
7790.3278271863155 4143.144147275132
1594.8941165435103 1552.65363013956
9830.999320184103 3847.8254886192854
6771.212329829511 4087.4075443577985
2894.470760310843 4769.2182929765995
1563.3661077952943 8682.827219272365
2012.307076427171 8621.944368032586
5662.9029153882575 8436.461978084126
5718.092072634864 9719.573005173628
9101.657584679026 5292.6256147874765
1137.0863897773265 200.5855495601394
2206.461148768526 826.8504319634651
8092.421176388626 8682.14084269765
3551.1376519916416 5897.957629226459
942.3765941807083 4499.277019148437
9260.778153029405 2051.558723691542
5597.607650721671 8800.285892567896
8170.73077884102 9501.332336038238
2350.3362747451397 1267.0506079539778
9120.955771084467 5007.306406970016
2282.3086795811832 2116.2587840603464
7567.966461205065 9440.098515343352
5434.585461980322 1896.0574744754044
9153.437060827151 2443.627883007251
2804.3318789543946 8977.480806847112
2224.9012236126177 7287.469074789623
3916.453039154879 3746.709856102861
3911.8880760600596 2758.078206918274
2450.6740851665777 3989.489131637992
7237.051303143437 6765.662638716926
7039.992058109526 41.64136482933567
4771.207878244396 3449.0438964506666
2143.0000115304506 7603.531710596234
5550.2271789903225 4307.691152499037
6351.07354093443 2253.075633038757
566.3791859723788 1780.013033271478
1104.5496140198618 9957.659447385779
9725.252334937497 5576.292837160933
9211.531411956767 5418.567418737868
9575.235960415464 3748.2056376555706
2299.6381967435377 173.3698604258971
652.2763804589682 1494.5845826546245
4082.312158455843 6019.228763786894
5065.512307608755 5494.176846568411
9325.511996146364 3811.12068228725
2022.0727589544751 8443.594161307452
9689.12727983902 2631.777445917418
5140.285270426436 4853.603905518048
2194.7827032223786 9774.075569081648
1359.27791693512 5113.205547219099
3850.5861169966606 8513.944995967737
9516.721008172795 9618.477805002574
1782.9393287498785 4360.363726494014
1618.5916702467628 7926.059376635205
4962.618030840027 9523.159952900247
4666.033383000165 688.1659590061162
3033.1812318022567 6052.572454359651
5580.5473273870375 9083.812838623377
6186.851495317051 7503.316527430655
8751.11499017989 8727.792961545818
145.2883558168605 8851.68978472741
320.8252222348307 9029.807992943934
213.86696084283784 2382.9667279124824
8227.084983560184 7960.188004281205
1918.8927576128644 5790.067235884464
4687.411974489551 99.89386744661543
2787.188888642935 8867.509159908153
7090.171892989888 2225.5044527023606
4557.519444101662 3092.6508737389513
3457.761575308701 1693.1143014993977
2234.070192656827 1103.5908074073152
5553.014505112837 8235.928816263377
1738.1135448199402 5845.456694031983
9956.52742370657 955.0494182647218
2899.93096171427 4142.630621348777
8216.616109944873 9285.288127515896
4527.291048347686 2838.1123323445468
9508.972164740437 7185.33219127857
1162.7210992127057 3920.478494537817
7690.86265694903 8066.116204815641
8450.464159393661 9413.178487573216
5265.3101013000705 4498.348367949123
413.4027498296777 4021.9247610914845
9914.529767853417 9397.631980622687
5611.506125086054 9862.672639550176
5032.823599484144 5916.655417769366
4852.284453131065 928.5779693397777
3335.4704267518596 4246.284403068934
8790.299590264824 4678.9926117111245
5772.880633919541 9256.236577678854
337.2216503923653 4007.3414201855107
5663.3955018179295 8598.576805887507
787.0457598430513 4832.065202501922
545.2150779492825 8188.029734084406
8351.155998294138 677.0668982843741
241.39294232810693 164.0770070453401
2333.170928400904 8694.46118486159
9097.569112364277 5158.647464159537
4925.3179936739925 5236.212131067357
3971.0314626707777 4288.276960346749
5688.008135115728 8576.271623482557
6291.281749356148 3351.53608577647
9133.602750405515 7039.008075319773
7522.155349049414 5902.384369915272
3259.209140484046 8773.944231254018
3444.975521006902 6945.9965909684815
9204.945457816668 3262.366230069417
4697.652093039819 6478.443252074938
1034.9371357857074 494.0432805910666
979.0467057298247 2147.300864702035
7683.4379122326545 623.5466192897687
8339.70445376291 8371.083820402524
978.3779391474867 7687.047359565628
3745.0903260744117 3125.512298459512
4171.868268611716 8082.211825898924
5998.226140992307 161.5860841918626
9362.667685567632 6813.642041352144
82.22840239887397 1946.1373409087412
8177.4196067980165 3449.056255490975
7800.297714899602 5176.473238769275
7261.174813776142 5910.401029484376
1423.480439535416 7253.332760059024
7562.437769020121 3520.5163313637568
40.916858117283624 5622.333620845561
2467.5639961312168 1692.2698195110363
2969.3107970831456 7356.300930965959
7478.69921061858 5124.755745261979
6853.388327160335 4082.3305300903367
5683.07772317249 3263.7504765820167
7144.386227802457 8769.843249121936
2450.336496003044 4473.003907550274
5266.806110446467 278.91000151241576
809.8018646656036 1045.4305575722244
5153.938962123495 673.8498847955576
2751.904798244831 9246.758452123575
5997.334399138426 2278.140120513228
4124.428267618391 9589.31696720831
3546.0275604325907 5933.335743769654
7082.075919325813 9947.072067027962
8460.501706263129 1026.0566166113094
6703.282015012357 4852.539703123849
5241.728932039709 5212.995497790749
1770.7124075184167 5248.227763085045
8898.121551230452 6526.541326670215
6450.509935364046 5093.230703908927
5527.870441967549 3516.855183164074
6909.700855865809 5921.989050524844
2283.2183208820165 9688.253252772003
9185.146587339275 335.88401191534723
8596.493768404473 1152.3554908519707
9796.998866106684 4060.710695952845
9100.89279300403 3923.2469563483496
4672.845992847558 4304.292739233225
9987.705745637106 5047.171349214598
9779.683147361133 707.462511252679
2684.7800125709355 6770.853249481944
6869.848351729013 2089.222331251471
1265.0435416556015 527.5716768082561
7491.643580657868 7044.062818096153
1269.191171823999 5771.866644701878
2086.1276676315333 8189.914556351232
6934.059963998912 4045.117614704775
5262.152957648543 9010.199275275458
4520.844154477355 396.3529075991867
7325.8824827135895 3021.4881425348763
3258.0404023890796 2586.968247303472
7680.0650579340045 5060.685718475801
9214.210333064615 6540.190474679504
4721.116263903986 1784.676447777459
7486.910833555106 6031.808461776023
1248.6576421341488 6343.81738075746
2809.866739821999 9435.693859376264
8977.712267255005 6898.63380261649
4813.307232449413 1670.476424809989
9507.031831633149 7753.885974775416
3189.925138480748 7590.162932195272
2734.364603594256 4364.857534120014
4336.297826865265 8404.598618318949
4842.222951360298 3816.292360546246
6792.446959560116 6293.542595329252
453.8933148989022 1458.916900275935
4518.6382112990395 2249.1011695499697
2422.8486718666786 5192.517035987776
3444.351771483064 6088.262577623556
9227.291022182739 5693.7705911509665
6445.372815456214 4812.408220169095
5094.040100118009 6258.819977624866
4071.5085665803695 6054.547948398845
1372.6768216136486 9350.369053564003
7436.871462617136 186.838376718792
4516.199073360151 3117.215921859864
250.08723326126804 6463.711829174883
