120
9023.05617754141 1796.6615697351829
6326.14464578335 6438.80348645544
2393.183211829083 1690.3289933713438
9981.961465689681 9010.298204999592
7270.280928853533 1127.3930874326832
6983.199909776688 8137.860981782486
3338.859466929254 6363.404962836486
4293.623599980211 9259.379656754725
1959.970397650328 64.8387713395926
4871.36383412164 3503.7920143637257
1020.4463954672538 6699.010311829302
5214.583524309849 4606.139261790131
2222.729991356286 1252.2834559148755
3946.513740514358 8273.210561622678
2140.5836694266154 3902.1704116431665
3301.9055050630895 4497.859392533143
8419.304635090355 4993.489547934263
3239.785281301235 4510.369610073451
1287.6489628632626 4364.886724198132
9757.587275169202 2023.697853304076
2353.9388553514864 3271.852496146387
4559.068068908876 4544.7798946565335
7185.849606062825 1812.937484671513
9294.008637130471 5989.631994351457
4746.030303096557 9590.283658142602
4316.831078121523 2559.178470008199
9318.88211071161 1896.8030146169124
3185.61767649718 7931.116673669275
5300.204739173967 3371.3958479561356
3604.286344943206 7412.69828015801
7674.487166218079 69.61051797440776
2395.1083319074505 7030.749204208393
6299.80493939645 5211.681240138781
9971.545147973364 8020.280603071137
2699.3041933690733 7655.581465711491
6362.037935625826 7141.311363063622
8090.34654895757 9713.065722336738
8894.931866865198 4900.809878088142
6080.077188948179 2348.295874678797
2594.7191854138387 1450.109533232552
984.2641642610506 3415.0467865192613
594.5510348998583 9686.978264723415
7544.680689986179 164.3058348077986
6423.525893384587 5763.808806124026
2819.0298615593833 7084.416605560044
7114.892969526006 9118.180414188986
3283.4638361512193 6103.557758687989
5982.349905945712 1504.552237386524
5422.3021171147375 5297.006778793595
6827.056801591137 7066.429927647375
2779.2178330824245 5692.014209567974
6452.305748051605 3117.3211335081896
7881.3969740174225 1151.5352287548874
8055.574135011544 4362.229673327418
8927.595828804991 7892.470004380458
8524.718559519984 9627.524294783443
3225.0391161372518 4321.297998699005
3484.5728827415055 1283.4198607760882
1495.8326284617297 1409.2553275555097
3028.330503475126 3556.9675588215146
6209.908708574399 6394.419583065149
259.87792711963607 8469.673112189455
8915.261927568708 3293.640884359422
1473.0512400733985 9645.736937663456
8245.854832274888 9238.842554164228
5533.183100554858 6314.844028961515
5108.114479004547 6277.2635113487095
563.5519131082534 6529.804225596864
7915.297269366403 1519.3249762936612
8329.402569681015 6344.438751433477
5308.803550238395 1421.401961203238
8117.150355035754 321.1787101602759
6310.92445125744 5392.075453060995
5340.837411546874 9485.79099861286
3435.280212398836 8519.991084249517
9091.519807753251 6390.6978089440945
2428.0481888614445 25.519920327016223
4640.441521759617 5350.437123771603
9898.844382045085 7917.756009928047
1695.630947580401 1819.0153876747984
5093.552062137269 5401.484070667294
1153.2522541221447 4911.06601400765
4436.229645391521 5320.269746914832
9077.624766098937 3161.2334444908806
8767.074683435529 4878.793101586662
4761.286655011996 8395.53206650774
9806.20574767478 7118.2237298724085
7745.592059146329 5728.81963844872
1827.6608705709052 5756.451655543613
7161.258891292701 7706.797829511411
2581.0979782795084 604.8267383998129
66.52116077412451 9630.87742168663
3820.093314971954 2288.3704674327164
6383.477510572301 2494.7197547282763
5454.055114328899 1272.362766516818
715.245313199061 7138.782591222343
604.6813242886107 8342.96120759296
1473.3069844152312 6876.162697516034
7342.1786040524 2732.8794295163407
8558.924268796747 2203.7783404257784
2795.184785453749 4577.490721742734
965.8956477952485 4939.3562226352915
9852.661207117477 4537.516232421329
5523.19100486726 3426.3255360443654
2793.315671792019 1713.5350545119886
2819.5430517607547 6970.105069541659
864.5997462564925 8341.356666937432
1760.2703564827227 8508.864475430219
9253.79797338652 5299.262873613814
8514.787520568274 5264.899158023959
8552.55094123119 9269.473023756438
922.6339611413847 2781.960509990389
8556.207544336707 5756.698724727211
2096.337000999794 9508.372209398822
6851.889547131196 4935.123541029957
9827.882378941256 8005.084069387643
7845.676627658685 5691.329106180425
6270.6205883210405 8260.765324162925
2577.5691264535926 5229.907713582852
5309.860077083033 1534.6470176080707
