20
5769.055390369636 2989.331696510125
1687.5722583095144 5260.905356768651
5228.997431672826 3718.194198976441
5239.519743381485 8485.989293722123
1583.7515908007438 8563.759354499705
8954.02693708962 3079.363050600632
7239.747236497475 6675.445584718216
5716.610945100936 1197.9008790811752
4052.8232680216424 4623.795388995087
4749.056742446695 6364.417409082707
7287.38755238649 3754.6528927234103
833.8954793839537 1250.5285254422326
311.94952503033835 8536.342343025726
4206.5280651443745 2709.7527668175458
6666.342482341078 9437.95053939497
2076.834052328179 1143.2976480955192
6116.448207842564 3946.711255798424
5848.045347913892 3162.748795930432
1975.5942090311053 527.20733605499
7444.503665194203 6522.65258333208
