120
5483.3387881412045 9530.619839298522
8064.229935602952 5377.27423164874
9682.433625893253 7149.200411071215
2147.668308437113 6851.59657109612
3672.0950549978747 4342.84320360814
6183.6246397443365 4395.770992499687
2469.117633282607 7209.828863912789
6337.740637023296 5555.413986947188
7891.061215089175 6918.8430341168605
1861.5233265753527 1805.1387563636601
7700.206378484392 7930.379437099352
1095.3473392728408 9088.9260173258
7029.301570430297 9349.801709976784
7345.356322467565 7469.002416994096
5607.585065532919 381.572734822585
1752.2179571285956 2789.8172682308464
6527.378042021411 3839.0854573217994
7106.13185753077 1437.1673889266344
1954.922801361466 9107.346818090895
4258.735718044652 9406.97331387466
7201.700993607812 9175.199123955232
3961.5032362228562 9965.96357867749
8458.730989679827 1228.8856025703599
6947.828692154445 1313.6989127578602
8990.943183298503 5266.064505079018
5763.924214238855 6718.751611436912
9550.282746814011 3792.604463683683
8967.120821167226 2568.110954804176
67.35139571555804 2805.4611338299396
156.45969287849448 3111.378782493601
9700.94683886815 2937.2650635468713
2211.2743473177675 2030.4247665631115
6559.204948714766 6959.580420361221
4315.488901966938 849.8820399844798
6343.999536664918 9628.970324094746
5480.9282904657675 637.4819376682017
3436.509164191849 1630.6618853599618
2262.992816310552 2767.3194566629413
74.59632251511805 9160.697651087954
767.5092579580701 7719.178786432718
6605.982031201441 6327.357118676793
8708.504074556917 6527.498705740472
1391.890765016648 6384.107198742982
116.72524840140142 6717.972960839524
2777.2028719178743 4668.823762374576
6195.015418237539 2683.478704413278
1015.5666833841881 4448.699266141473
2254.581016024303 6437.298423830406
4430.7795411775505 9449.473693681664
7167.993215616866 8971.834230181896
7273.602017894951 6348.711199551528
7745.252319335638 783.6902718888462
8852.263687712515 7290.367357768025
2267.184703261819 9.613488008753945
6869.303085612312 2065.788106140194
9251.204293768593 8903.714355810289
4887.9221156627755 5302.008068710186
1666.1585304913585 266.6794133042139
7955.29357295243 8617.455133644386
841.5276682236239 4162.951516915347
6236.7907975737635 4990.73693186269
1959.0770919492518 2203.3357899655916
9571.313379613714 1735.1835795804604
9586.875095581852 4668.118832137631
657.9812314667089 6684.494146746342
3164.8915744262617 374.4107464232671
3291.564832277556 4745.36357264711
9424.254611947486 4269.187238394867
2179.1170308549213 5727.942255988766
1267.5200808698305 4585.531733225325
2340.899441362696 6511.693313146626
4126.551701619792 2064.1984953771985
255.2632325407167 3453.1920505436965
1191.7906590740336 943.0537568160602
8718.253279717273 6894.419633798852
3216.7935616302657 4685.959948012728
570.4448675731311 3892.60658059311
1676.6282722120873 8953.07154254662
4272.345419043192 1601.9496237713092
9721.506810078772 6086.846056808322
3305.046814285473 7070.99508168105
5664.5879015013825 1549.8554861655
3388.357601239117 6092.24587684583
4179.002864961948 3700.4020204936137
9686.37589394035 4069.1056420616987
793.1046831840272 4837.299232658624
8935.241549877808 1959.198683152048
7489.947364380722 6525.863326293269
6899.373076321797 4794.924204045631
1161.4424911651988 8772.832845999988
2821.7556466658843 9028.635358777232
5783.468626707389 4993.6992467678565
7914.867651459071 5807.728882067272
1899.7179740471358 7284.349111694407
5892.293689633215 7477.34276646954
9628.64882171979 105.51736442734327
197.51785069262672 8645.894515212723
9342.967381296876 4754.089787774372
5181.872207172152 1843.140516734947
7228.564447419054 3914.4428437137735
267.25359700030873 734.9179823329099
4354.3911790841685 4379.9299611719625
9280.362785909845 6313.799866247715
1294.007881501218 7074.9812104646635
7794.258236943056 803.8488972342084
4093.9091356624126 8100.085976538717
7569.377114072966 1205.6762487901128
2198.02884227468 1813.508209645349
8785.00702492437 2943.4381807699706
1557.2369888730086 1607.7724913686066
1012.4161520025287 5150.530355088159
8252.076913107567 5630.8912511580065
3933.6757646065803 1374.7037178759358
1964.5630948147696 7842.914091028423
2259.3053499222483 7193.678995831141
7483.4775468534135 8255.423089303893
7559.10724775474 9730.42846566808
3722.4697001535646 1070.8417038236928
5094.601248028737 1848.8905598586857
1513.3636423885132 2110.439927668225
