2300
3433.0410606508744 2229.9769068482988
1239.3600076151079 6422.25390781743
508.4378658558375 9205.244621161937
4699.873231729773 2297.4857232200584
4512.260085647495 1980.9133398423617
3493.5465715444757 2232.416419179659
9692.10752377462 5227.148882067053
9445.861840208563 5914.019296271714
326.5467182999315 3785.6582126013295
2081.70634814701 2295.3682086108583
6260.70185971081 5911.113569456234
6199.703617683981 3680.148867804207
8186.965570914216 3075.9981370343803
283.14468052975883 8623.831339896195
9326.18301886432 4995.789210951379
5953.828107189466 2555.525092405675
1458.576378516876 1126.3164696838967
3311.515475525397 3693.482440885845
263.79052056716534 1554.5467045860007
2605.4362819501307 476.01388336447894
5008.399427294537 2067.8532619527246
2808.4865747855224 7333.632066574835
2080.5357331340456 3613.960215672086
6571.692962789146 7591.655700757594
6716.274219476974 2332.3262958978153
4122.872568215686 7947.05625044311
4052.6910631610367 510.12839546765167
359.2220822963699 7855.127443250502
2670.321845000694 7028.58373617518
1793.2145199509075 4767.9467453772895
3420.8372026698253 5418.327322171133
6667.692532427189 9244.62336762602
2682.0887180113905 3148.9864250955256
7127.890383612039 1842.0106552190264
6699.9202241066505 3194.5541940111643
1756.5817559847885 9259.529430821747
8108.79393762176 4992.337570443837
1886.6380347420352 6290.49535035388
9115.836881124891 7923.049648770074
8275.10538734402 5328.1650860505415
2790.106614354749 4213.366840844699
1343.2528333764326 8767.53055962016
1300.7668054934352 8938.861711623016
1214.6791279039714 5723.392521950904
7692.623219535823 9040.98529487024
9599.386373270638 2543.525543124987
5999.493581135737 8276.786083914421
7893.791160730117 9293.531727107524
660.3064475435593 5894.98304272359
2848.043557785681 960.9052355191228
9796.615166966307 802.3806428582825
210.23205009150226 2628.291411412329
1979.5375020620666 3455.311620534278
3980.7690507364146 6616.96907245449
2660.154977873018 8336.857407937623
1291.4126731674057 3278.440009262287
7790.184211356956 3777.4182353723795
3373.1689789479524 2444.567585940081
7250.34609560564 2422.3551973813373
9646.939465226713 8756.26264002597
6959.402941120378 1089.2914578206403
2955.6688749294503 3500.1338351171007
5968.43076964304 634.5978011586262
3301.632245945593 3347.2382104664257
8114.017574552462 7215.19594857487
6793.830646536423 7025.135467678557
6152.847247588556 5179.93725714727
7420.452938350929 8274.081009471407
6611.6081747466205 6297.9786462589145
2587.7005042000756 6804.9783821165565
9071.132088703382 6195.236372221015
4663.805788869741 5515.686577819203
4421.715624748388 3684.5963320796636
1576.7021626694711 6540.3042439478895
3318.9261324165886 4364.541129799445
3709.532943809405 9987.738997795774
3865.025666757738 9899.530051449321
1361.1823399802724 8477.361354082208
274.96821449498833 8632.32684478898
5277.817781961646 8579.355727674048
9828.560020708024 7611.583119987482
5410.619296444994 6204.970049611094
6420.8459418348975 3866.2745319120872
5914.15168100852 7656.784279267827
2555.043183728659 484.73754707493043
2809.6722407135853 4203.952560528318
3028.342046440953 9107.275480575376
5227.838178060258 237.58485662258022
7875.593510371279 2938.7424466946677
152.84216443719689 9523.696325788207
2757.6197885584975 9404.239373697083
8649.231269416647 9148.882641487775
8178.962114730952 6348.400366673986
1752.545251021309 498.9721559717253
1567.9206986346205 8364.671462052487
1370.7570335337693 2779.7581344335345
3874.846542933237 9610.076841460024
481.7470308710492 448.1200410504227
9777.290312358266 7310.598139829213
1773.1211516843437 1723.4951157788125
8161.574813017489 2465.1096850734734
1439.9355090970435 3186.3736727956584
2437.702179464002 5392.629852423976
6778.509958039836 3964.007557052647
3388.2980788613095 4904.718769917499
9721.313980789151 2897.911947443177
760.7281881217931 6433.857068064838
7676.792988725199 3672.041261040868
6941.805776936789 3985.495039032466
9824.253769652549 1888.2673898195058
3714.798693949416 3147.5233728084527
8146.495866053603 457.5164975759616
4432.940428427026 8988.523454541517
3313.462572913265 3452.6825382417205
2626.1816391987068 931.1369770032308
3925.3502541068806 2653.443764367397
2375.0179743344393 8406.597024934368
4132.144116966822 2559.650141719475
8519.625027319918 9862.039574792485
9554.371844057241 4968.227857446768
2172.4014006737502 3554.875951377299
6181.12339370085 3014.5009707169024
8276.242620037794 1998.7342677509735
4642.736038580102 6448.855160084859
4352.171209303133 482.80843663315306
5425.2909095644545 2078.7634784486077
4193.7842014777725 9466.333982508508
1033.6197986174534 3729.102078649337
1780.4281474195438 3969.1339217066525
8687.411827281225 5826.67635468452
6977.3274135782185 4249.827501390026
7098.770875832618 2688.7690703117496
8905.298907921571 3338.87844429411
7219.816387720287 7537.517971872936
7422.620537114365 8078.482612657402
943.00852531097 7181.228910568622
3745.151830544067 1205.3415724213844
7216.571647679892 202.65062710209557
5681.12352835457 3853.138072651594
9439.636150840288 5468.5129189189975
2630.6260561976082 7389.455049806359
4655.851320729096 1366.0576822171067
3641.4121548695375 1815.369132581305
6402.729406360992 9524.16153331743
4563.3935434209125 8363.841159946443
6729.288848861345 7369.816602129996
2358.081058117849 1915.1591654526867
2864.9505942988585 5642.28833687806
9450.793189395827 2461.459828260082
6199.168862416743 8491.478842279646
7689.081220642926 9533.678997641446
1125.5280686266478 4507.153397486952
4133.795206768187 2540.1828886787457
4625.344550853908 8606.294639929307
4746.09115311906 3289.054807431715
7871.591811663819 8429.92899090275
9329.99697873485 9425.368489543553
2394.3321058508805 839.0806672264739
3437.2769196692198 6612.988322281203
3970.3546220337594 1665.3047168829717
1033.7173783829267 2052.294492806642
6735.635481534217 1879.726108751063
4429.125647460406 4554.4569631652885
5366.902982210378 5923.3733536286745
5573.548313468368 6315.143196417935
4652.208032714555 9555.938143758036
4243.898261316817 6524.048046945736
6629.448189773548 5171.686606257926
4857.265585458697 508.91138295632743
4360.953962866546 9974.642553702719
5384.981332944751 2895.304044031197
6250.840202754719 1713.0557660045365
2570.28356626638 5674.215877436217
163.05765890530787 2918.692192729537
9430.795365142882 2193.3456953121567
2740.3711538344987 8046.238570443135
2791.53400607425 9145.25615970468
2296.087445845121 7236.257630384889
1638.84475723735 3880.2765049472987
5464.341249368784 9089.314861848265
9927.497481985001 350.47443104342824
4534.351452096471 177.68344730621277
1853.061916736043 5391.775426882917
7133.622679820088 7086.955172625595
297.85330179757597 6422.6169200383365
731.354497371246 5905.3000381766515
8244.115920462365 5783.4989493990515
9496.7156071392 1843.6814204167852
5567.704108385956 3108.021135004284
7140.11881805437 1073.6808836242217
8497.940844773586 4856.884861608348
8337.299367461894 2138.9310027170372
3067.2966045964545 3701.9927850208533
6572.344606892589 3087.64719059167
8911.547529795047 9260.8969983992
8236.473295933032 3803.4079556228617
3439.959468996828 380.7164794244533
1797.9707105775321 5120.273818340623
4074.9505575232724 8590.826688804093
8833.051285448557 6283.954036063546
2612.323085425389 4363.880609678201
9228.198640317636 8562.034613048976
1970.052738825706 6967.782790854983
7571.019554632793 1604.3970711051402
9454.603537447292 1028.2526637979695
7207.509073151049 2416.9871173290057
3906.728343987493 9407.669041942776
8964.787546333308 3548.988378617034
8367.899797322663 1440.5519919564913
2518.518111796044 4133.314053410203
7408.826363343044 402.0231500480642
7364.400772852669 4198.305258539666
1359.5570873113206 2894.405911377749
2468.2133203877697 8316.228130625324
4054.792057193727 5346.663042829319
3499.74831842074 2789.10845551917
8915.183878050737 5572.499686960812
9523.721855740818 9897.06000974207
9743.985733654994 5682.896092379886
6357.268089700452 9228.743945267304
5455.367674659749 3361.2232729665548
5004.702559139707 1262.0784617303082
2439.150309095357 7308.824040348143
610.0236262428838 547.1521625490084
6820.741681594697 173.71596975096492
2734.7719111920787 7026.826566450734
9715.220700399514 7649.7439578218455
9102.259634482643 4728.546617157238
5379.114723223774 3784.688108987022
6383.977053048851 6744.366213872223
2429.348156630573 6764.715973297087
9783.866411425692 1826.9717521670436
8448.591003022073 691.8327512157574
2512.0527478489053 2201.68814120014
9532.805764590608 1349.2353296469107
181.49166210833957 1516.5950046677513
4486.05897099319 7575.704939656947
4505.897069999398 8482.778308600255
8102.757988837799 530.2408263682656
9750.065025258466 7399.20090011062
9494.247995990114 6841.828146165942
9249.310993942574 947.3765271559442
8990.136712915566 9578.329420666149
3351.192942202634 7865.907225814758
5316.561390341988 7485.0218816782535
5554.188643254692 7468.519845056077
1275.0988898639737 6759.676206598118
9440.708453589465 1107.6072451896134
9447.620654397984 7909.5431729748925
4894.558943622018 7237.699499943025
5309.819416854371 8423.391941665572
1154.9915825617286 2820.9156178740436
4234.004265195224 6774.490620585192
6370.2565041552525 8150.419508702444
1751.6797736715994 924.7021823448421
6442.80371787558 1730.9572856588318
5229.092886971848 3784.8738151844186
2.7940049957830837 8880.947591167012
2953.4836505547646 675.2921370077758
2826.082176381637 932.3058068528156
7749.389042667004 4050.446499259918
7196.839383051908 9467.808733297514
5437.106060005825 1627.087523126417
8141.817006426258 5436.295642285582
1983.2490321266928 700.6727599141304
4120.036983985372 2061.62918492249
460.6293530473748 6835.39623506946
373.527940361974 5734.448437936027
53.75527427368021 7826.262845200359
5676.543300466114 8186.456865742555
8777.758855753196 5851.6582146063
1216.2887979599711 809.3600882386175
6299.622238982707 5603.62283324164
9411.01988393565 3872.4866195294385
7873.735393920009 8715.289210046736
6110.754040034272 6188.379984740637
5645.250274895718 9661.476837407765
3767.5386562274625 255.93906578926018
5513.586603037712 8369.265144635632
2813.8862876671456 2002.3339785209582
5600.625020370542 4236.694287293942
7044.957234583884 7382.748810518623
2507.2739374861753 7907.472188123251
9027.80956531297 4315.619638651697
3810.3146610613326 598.0835545120877
9171.888166233406 5899.670421064601
9190.696381845082 9440.988853556903
7002.811487157428 9725.260095468322
9849.628582848412 8764.063768877822
6871.913980143344 2428.348966618672
6798.8684330772485 138.00524172636887
7006.3990447164115 8718.979659160063
1985.5227015664966 2002.6479378389317
2530.6731657975092 1540.0041491925188
1843.1594594693468 1834.9942293835632
7590.704795446886 2219.311738965428
2423.8912229609277 4753.519466323137
1800.3612980148553 8288.426122010578
3955.5425104064934 8059.711960542907
7093.344479926483 5922.378456360532
7633.130762057904 9222.117156525435
1404.757745411852 1021.508347929333
1570.7450455565197 1944.795864885549
7154.6772905820935 3675.428950468176
2538.0119543625647 5591.349259231738
9749.505124396495 6057.132118949556
8476.417703481124 5070.710644543068
4214.407953572102 4700.553235163148
6709.73893249326 7399.363446385468
4530.592599294103 75.03314494156199
141.05220127737184 5690.344248694216
1687.954178053348 9847.53845810255
8228.881659853467 2302.5831719366442
8774.894304446854 1466.689355594286
5824.975768351971 1908.1640522723176
9721.72268403932 8667.141030557621
4215.953251929768 8013.1050921488
8259.845860387746 4189.925144529446
482.5063577645117 9964.597281989967
4376.779822440735 723.4057184485121
4619.831701718275 2739.4798969762237
5983.646052529589 5005.358154009748
4828.157342546589 2442.6447061642884
4405.991242687588 6569.746012758395
420.61038516168827 3328.1512539861315
594.3781764315348 8047.004607765081
5194.230614009203 9347.462453270595
5200.853378722458 8102.017429962784
3291.746776334802 4430.299666981568
8839.944267623374 7287.023537110616
3955.1138299909185 6028.942498467066
6722.942135766051 5951.072271196369
2525.441042445943 1921.9568035746904
3771.588534229029 8026.38438350949
8327.506286839194 8494.110434388904
4144.571285611979 9413.757084164554
5677.575496933925 1893.4443466829332
3024.6300795073967 1405.5906400101703
1147.532101148584 3093.917656899838
6943.8635300197075 7294.298765120762
4000.1852834740857 6107.994813192199
3750.1309425911113 6534.075118628375
1264.8674585062813 1823.102782912892
5941.019341302526 551.2846333468214
8850.630924909463 8618.469769211517
9921.527881812695 4506.86146450036
7658.902004879991 3722.0904786822985
7467.935801620499 9192.470924076624
8954.103763969559 8110.620653894936
5864.762174647089 5749.474080673322
6105.420709088932 7940.803517273507
1467.5073854557863 5425.2473540004485
8649.235331473781 5435.4508490904755
6683.743287913903 6675.855731126629
9058.990218563866 827.6843444045923
7694.955574074857 8528.138532898245
2274.5458176709644 6521.9027185319255
6126.5633313111775 8771.075353308328
2245.4842944000807 7732.17216921128
7543.410091622834 4846.865381292544
6966.268869907306 8327.53980017389
7773.580878192966 1790.8136878867265
231.8356344183392 6369.654770463624
8032.353235829738 4786.156534312164
1605.5409372506658 2886.54653789681
2414.3757941081612 2916.9145481771275
9722.070315325584 7254.536590223221
9057.992641667508 2230.6394152439934
499.81591962136696 965.7213379596708
1443.8143060835773 7987.798836003122
5818.856760751917 7130.644788385344
4624.9427632869565 5305.649449142536
8317.80833117608 4940.569150997736
863.9454856256457 308.1743120353164
3143.305748322829 2726.0892747257813
8650.923479501285 1057.9191308235493
9965.604500056877 6977.270721722912
1373.7633818710237 7215.28157897053
2726.465461073331 8899.09704659345
9272.07698953318 6233.98380793646
4122.929859536888 5873.448579863948
6567.40004961406 5371.22411774578
5285.183831068253 4320.265279136392
3443.0452241858666 8602.54702063008
9915.069424934101 4333.577621083616
163.51163130954748 2091.7093321352145
2970.4817555787013 6963.00425214289
5829.030453935673 9061.273458998434
9022.247780085554 9053.362884720056
6753.19434285286 7114.856129144401
9607.521428627251 8498.410906742272
4748.826949116682 3651.5719988982933
4964.242779953501 1054.8834000287
5263.998165351505 6644.019484586404
4693.846114551814 6917.569150203083
6987.522088126277 7366.828507434173
6622.238440182756 6937.521259064625
5391.501619622051 1665.0316797954367
7790.172880549459 9309.038293841984
2411.5747149631848 8746.029206236228
852.8175897484491 1176.7022536546135
1187.7894141594902 5082.026818442139
123.24873928317936 7092.695571690151
3176.0321842421913 3037.8125539361145
5943.096183746556 8862.793191723129
9531.538150188597 9290.331230591759
1755.4329981811002 1679.8967574201117
3050.622826955136 7520.585000172549
1872.5545402019284 5697.00390207402
1023.4913824995417 7061.404307237608
9141.112551288446 8696.85989521628
8735.898064502277 9745.800743572352
4878.6998030740415 608.9300028040434
5337.897868754159 819.6245571965721
7498.148900428759 8074.177105747594
2598.067023349656 5699.7760959377465
8412.27205268436 6341.106367243028
1243.319757452448 2989.641753024059
5089.1166853196855 5903.465595343187
7409.681848309222 9061.874376500044
5592.526535805353 2681.099931042755
9033.05542820149 9746.763863303
4294.231360334754 2257.4250898410764
1581.1801096228794 2643.328375202562
4316.905833223389 7116.335412095891
8434.066591108773 181.442252562255
9376.534632837855 4209.720986659749
8030.944115854699 1925.8937824683242
3191.6464207130625 3089.468170512595
9661.804114780467 1178.4676548883933
6876.154614296281 5119.413602951856
4223.094454636213 7187.922327101711
220.34172654216923 3479.703952244745
4311.071217287033 3743.6701915450753
4607.666157955719 7678.199439959631
3603.7799926996504 5344.188237267698
4717.60490319042 2307.215239331324
9477.988785876933 9271.957039434541
5870.1504108128665 9827.131157176771
228.93969933810098 7719.87426346806
2973.17009302297 885.4755761503242
1137.985724591254 2466.2014471789184
2257.6677772962894 7010.516084523721
1109.5885510483229 1070.978430564975
5007.088211503135 5407.2744279830895
1945.5691529675755 6706.530771213437
9592.913967507115 4799.74933040261
7675.258953950367 2205.7726975765236
2425.900027273167 5149.549407183666
5887.700051157779 5577.07153652836
1571.5184510864322 3824.8524726599544
7167.094387472909 1906.8069021860822
8706.944339174479 5297.465566799399
6686.900426032151 2430.2068069573033
8517.6585658865 7610.486860218055
7334.567104946595 8944.090788123438
4646.26309403131 3721.575136903498
3604.2871206790974 31.195054577441983
1721.9429204838898 16.506939956276725
4655.669783994243 8113.038339135564
749.0270361904105 6410.436975999299
4335.1108447022725 3638.212095447698
4054.011664275756 6571.888049983457
4736.51220570886 7681.142652379995
1405.3598824193102 1137.2448726247108
3491.6870055654094 8820.046477561045
1589.1459115719076 3113.0434907375493
1154.2218294582485 8091.009365405083
2680.9416437795753 1421.2955367989266
4660.188966030554 1441.0863883531665
31.45829239086573 7217.498090034023
1253.4421299195785 433.0812358271574
9581.093021412698 1746.6600457658444
3034.1796875233154 3194.3508640327345
2587.6201792126362 7885.399568955256
3306.9347779192058 2525.9618985270517
3331.4385463663743 5974.463662343923
4149.46393317806 2698.318480702544
2236.1808391727377 3327.6343097450176
5323.6713911271745 295.08478634232335
335.44578043707475 907.590508330961
6689.476040240675 8967.89432751853
826.5095096932218 2487.8433546215197
740.4742756531224 735.5329265268706
8616.372112504749 235.69506809501428
7876.775979849558 7503.613310630732
1424.80648462179 7349.910404989019
5836.900155265114 9370.290979819774
1995.3884046674352 642.2660797717461
8964.074921999443 4952.3742902358945
3916.3587274672486 3781.130771402411
1207.200173301468 3580.4108606741615
5938.639747627189 5712.536836780767
9575.439200728844 5423.2313323337985
9234.169827520685 4658.319133383848
7560.746944941366 2803.0836045814413
5607.367437256728 1773.5706905091054
6223.762952042108 8813.937851399249
6416.217544926837 461.2654774340208
8308.555046648897 1114.7560918451982
9770.282392952813 8552.427455593584
8545.592861205214 9526.08812289797
411.1851283544199 1657.339645638317
4002.5966419264414 8457.591775816767
6032.521159282695 5121.7255843713365
7878.768188160028 7310.619466606103
1047.6800092372707 3820.2618870454608
184.6047950505192 2822.266148819191
9810.77232625943 3590.01810929896
3139.928760135148 4823.075079909787
9495.595454949773 3375.2521560603386
3891.1991493798428 6924.613716204389
2150.0533339960493 19.305538648834997
3462.5295405333745 9653.785428546822
4584.464102597322 7733.602555334888
2745.1495016618687 3171.8839091011196
1371.789742305314 4069.0864579189188
6775.364467980685 7205.987073094583
3486.7947008125 3560.055932621626
8611.983769722847 929.4576797320242
5399.9748660418245 9178.29553806288
6225.607612360829 3932.79984045067
2089.716198225107 4445.843704321014
241.7183803885925 4023.92150163826
9026.11049413263 1889.7290621847385
6402.25771955825 3704.1155748354836
4857.609942446674 2006.3319491127052
7796.314467019093 2999.200719842883
2313.570557967549 1487.5873789709283
7438.670498002397 3247.1942203418857
6671.918732316446 3730.8170680621943
6270.76101039941 6490.563780495377
1775.1418578340006 728.6233027065947
3603.142634330807 4709.55444527687
1365.8302171852831 9002.723571022174
2644.2702307613977 9420.052041324388
2994.6992646445947 496.79106563682905
4079.4027651892375 4420.158736814515
8996.33301425749 5014.459902349475
5532.448285341562 4058.9240209490363
6538.187983190413 1298.591316314307
2344.9263885109526 5370.225666753563
3339.2688298123007 2545.7459728617428
3213.7135190088375 6489.669585239047
4658.241956552047 2090.3486826424964
5812.746311669077 5930.362457190314
5972.352954548886 3136.8745856374603
9431.861392611789 2041.3401000856468
6633.806810249516 3916.707174160333
7059.981948877892 8561.916691771572
4532.7238674174405 2862.8951537022385
677.7668466422748 6046.817295491658
8192.093352386055 6260.64410118764
8573.931714709266 7093.95840586791
5518.688997958092 2167.8772620021027
9708.297373480733 5416.381706095346
4533.007557225791 5731.066727301273
7939.230704926158 9146.727355479125
2755.888743710123 3018.7390074683076
3077.8737007642067 5505.506131584188
5451.878391751635 7612.977103502479
1381.4030906896846 3403.616942219121
981.6797452709592 2876.975931688488
681.6490311977008 7447.245197415784
6496.947322560794 5250.598812642048
4642.605620632509 2199.8661908455388
1516.928958183492 8002.7961963425205
2040.608949925129 3304.4399829515737
8799.546610278534 7561.991870288107
7397.419876433478 2707.7657716525796
8648.207866636292 7910.5346215074815
414.4365369659264 6122.864535581473
4389.073079291442 7833.955157714645
4855.938506343324 1688.5679226332184
3489.9634915547217 5360.829286518033
4966.721825128808 5238.631165919226
1097.6134289283946 7346.23298486855
947.3857652360429 8618.378065300734
922.4840372766696 107.03018605674797
8300.873769397194 7340.851078801031
8364.678058493348 5750.245042720708
7712.556357733016 4758.14603356971
6494.240272882728 550.3588871752974
9411.259816241723 7266.206402403821
9137.79977982342 627.1064881115518
799.1959916544312 368.80901370715424
270.38668326140436 6578.782220736596
3080.0075228841583 7358.57770197225
5101.0899034147515 5222.747276755191
7136.003420120137 2603.542512844366
2525.584159736216 3974.6794851325517
4960.812904384825 870.0581603505219
8507.268100028996 259.0855097054934
3625.441814756145 5554.754401613232
9455.622088380947 4649.296729086773
1392.8462482223358 5770.667819158239
3825.3017007511457 3704.1032131113293
4538.975223062219 1434.6581822392313
8811.392327904305 3100.535763978015
4080.6674656642695 9672.90809291342
7730.147500621635 4047.8042143901503
35.09630460841851 8771.171651147943
493.79521835190343 3962.3645551284394
6676.249261445155 2703.7758834045967
6240.59075397789 121.15527770377722
2991.0104905665125 9150.186485688911
8801.236544467703 3379.8049003263986
4199.423417730786 2028.7273764705703
558.8401476923121 7916.053918454912
1470.191292641937 1186.4146202869174
3678.4847897819527 2926.537149785309
6034.915367174341 8169.712038231449
2165.477490918447 2067.572447465874
9534.171871564407 4996.680616292957
8078.26354695739 6795.405920738139
512.7409603042721 7068.6453447392705
4821.59098664031 9799.430596077586
2311.0640058962563 4748.207576107575
5921.084627158512 3620.4553892164413
3835.097023576891 3014.2471253502636
5854.23153453424 9448.440037750674
2828.019955650414 4791.082601134002
6443.427230787453 8806.36755056001
6226.73094678972 1159.594250844539
6759.712642698517 1761.1340419976107
8452.855258812342 315.92584563401084
5360.853967082656 1030.1998566551263
4777.913603266962 2130.370857113605
4761.91430464758 971.5893647808649
6977.956030235878 7910.9734890197515
7619.207284135714 228.00560813597158
3576.872477294379 1864.5062488077967
7533.7389630465905 4808.520987234039
6096.717092935344 144.27875633441835
8097.911515936123 2002.2721543272414
2232.238824352745 4738.40113000443
139.97906300723284 9174.969361960191
5753.40087541319 9426.337053142779
6578.178879673994 5713.963046473191
9798.61827192121 8424.31866326441
374.9735227439288 2910.007696025012
875.9867551181566 2233.3390563564626
5489.947776294431 4488.400973039443
8174.528945049763 337.3720431461724
2337.79006830674 7074.322859214607
207.25918243344356 8451.90557053516
9754.202345478383 3328.995232853481
5537.383016617281 9245.01079228171
6692.748107105755 4060.80915592386
3609.4357979356905 2786.756579702725
2309.1955927902395 1053.3991364441374
7193.13835075958 4346.01158685152
8168.073135601709 6376.970915234368
9008.455170539937 6740.111490108038
7667.601562522042 9858.708508976946
8699.521262210299 3581.643883315028
6319.688788400824 4318.433457017291
537.7733775540349 5031.652498857549
5427.266220435812 2626.5546422203056
1849.8088608171104 3248.2020178062176
4449.1456588046485 4613.734604772691
4794.291617949302 5869.79928689923
3524.0152209459984 9065.563196456704
446.2297253678438 8901.777524219444
6356.371589281084 6324.20198354191
29.791697115152395 7499.74688017506
8065.807337056349 8529.8095270968
4826.25769837772 6189.815895490652
2608.261375981822 6782.233531711929
5575.045213295018 4077.415694272093
7246.969245592331 4866.856494346066
575.7907850042466 7073.761775117225
1105.201260041142 7305.824622777956
3747.53073105232 8748.086927996283
5662.787364568139 4456.415230070875
4990.317714105588 3850.039869506763
765.5810375336857 4033.919850293325
1506.9015793464634 8679.863951119249
3391.972355984516 5748.394605629712
9889.577765083415 3678.6162518014676
1678.4151264409252 9487.866716715012
7423.624422555984 5885.962054599001
2971.676504591779 5407.470080898371
6798.65948534758 2582.0531228146037
5412.606464714166 3568.0302004587106
6087.867915234287 2629.5927214709636
1597.6769674105196 4608.361685462297
6466.726173313185 4564.697105644571
4693.920767772194 5181.8257730956675
2750.1312550154867 4735.950561733984
3463.1927820243736 6064.06040720863
2673.4974995491903 2191.0493786866214
3207.6567358846573 9121.10313492691
2054.4621349009717 7220.17510664408
3514.5421111434985 8614.656341827982
1467.636366101087 1588.4814306579353
9165.164774118164 7190.750096644475
7933.0873097756285 7476.712361997289
6027.620687404893 4742.0613420051895
7736.859175861411 5063.269029215306
3336.4884040152356 6118.765095277871
7705.72782010169 2446.0755307584727
5033.127425880749 3215.870237037485
6829.344613457206 8806.91002861198
1362.412465151487 8126.690204990035
1521.8032398824455 5955.166749899138
2151.164856897831 7849.521599664804
2887.194026335601 2790.0058661789394
3386.666138813258 3075.844537758825
4374.5801684936205 2425.515592003014
6574.578913607491 9169.7004334363
9728.773467031288 1695.6176853803695
555.5784900491434 2201.4656316306978
6989.010337650267 6766.128055181366
5646.692595160486 187.0117780872871
5768.164978006468 9636.9163792957
6709.3501509642765 2380.510651598822
5192.766173769682 2789.075294162644
1692.4350080853412 4246.153307110579
7244.509951757844 4387.438934956877
9154.877925172117 4337.189578995841
5829.961593368926 2701.817055510426
1375.9101499516912 3515.4646019593115
3077.1772751726876 5734.778641578316
6148.573062937492 6471.659522018953
1397.9709940474138 4378.102203969684
5742.340621700619 9913.56741358925
9131.334260280659 8314.065132695265
6970.57031816419 5542.6224948901245
2707.7653366829722 6965.430837420435
5817.363836126027 3892.713056978644
3380.3169263183854 7311.885506846753
1980.077384253347 9996.995006485187
144.037221909028 1.3109664274468802
2940.9738287731157 1595.2965203619763
5310.918725299346 9503.884044430624
5941.750026962195 2867.079586386103
7467.993201476882 9014.813186122465
8051.808396508099 4719.104812365376
1054.8403522866868 1039.4996539889446
7347.287901205454 9370.356090378675
11.154625340131785 5669.6285161869
389.07733637814414 742.0828944296364
9754.366092233051 1328.7010908676878
2292.1572085068688 4002.790413907893
4353.034905456496 7992.041257107495
9172.478178561803 54.34626125565445
5505.22436421219 8137.121470244859
3172.43846179768 9958.876704928301
7546.021729168473 6002.885686519597
5679.945220881508 4257.446627673159
387.26684102165063 2491.5031879717067
2254.6973396185954 9474.914119533745
9204.841337932 9614.065813457511
8920.13145797893 3184.6845716853236
1626.3305777592118 4520.119813084041
2444.53375473079 547.091772801257
6969.952269445553 5873.798153977319
147.7093959591369 5113.274284803926
4248.875929074697 159.91656647114993
8900.379639151395 8121.166441551213
8328.848928500958 1134.946364651881
398.80167198591107 8218.149534948405
8523.635059998807 4571.835328226942
6895.285591041439 631.3462483530841
622.7844303470642 9647.14275290976
1082.066343212037 8083.715051369906
574.7447946273243 881.4589903805437
6536.396937845848 8297.830424099
6880.798936672417 6277.017523699315
4056.665155079252 674.2625678423375
551.5955762115588 3691.044719470331
9182.863603434029 3400.9260679187337
171.08657790455894 6192.024617102255
2351.1122754116163 3967.295764048432
646.8933364059093 9121.414535371685
4035.1714914157765 5277.345465763812
2187.999303846857 2855.8437400134662
1766.9865030080755 4149.539577583567
7671.787622544403 7173.116363172214
6203.5529183049375 4600.652632372288
3594.1530359117137 2711.2366787104693
5574.525031201685 8851.496451487405
7762.971908533074 7332.389817459144
6818.3790780025 2555.984058348493
7993.9297041810205 110.62686637172914
871.6200197844681 1583.7915602790342
725.0655858202659 2127.34000662834
2247.816579369766 5623.447172856661
3976.0873338854817 869.6496279934606
8194.834536926834 5489.134305180199
4882.018545030462 6700.15178372689
89.75709034871548 2169.798804575851
8084.100788072138 2245.144397690556
173.77132647389382 3821.5176001162467
2900.013460900922 45.53026768915447
3347.8492225502664 2596.0334404425334
6069.637519366259 227.74245162240692
4539.489340872475 5274.250148946839
2430.969039238795 9817.712034182014
1526.9276328348658 7881.461025569768
5655.920011972125 7721.130598462003
5883.070717670925 6972.70489619106
404.8119994624022 7533.877334378804
1195.3310251522753 6757.317458169729
9724.549992465441 6901.797043444625
956.614065762168 2910.7706186016803
1895.4547682728396 9921.391114051961
9090.1636016463 4470.310071788467
9760.053603274131 9673.430550867914
1645.4823167409704 2139.184517907311
1734.3852833618944 1547.908174587539
8895.512782189135 97.11184973068887
7830.998753101914 6024.74482432278
801.3005079377211 7399.682061778816
742.2085272127854 3634.188852152048
9378.171038060706 6585.579677989337
4507.92376917216 7633.78845437218
8246.058783151297 6478.428656549974
614.684607458047 7805.038528361223
727.7771708189084 8722.269268308024
3924.3630258390663 7240.10079391915
1445.9679293796346 3973.6063185145963
3746.4535864950367 4973.67300974892
2284.940301367012 1606.5755750438238
1873.8800789086085 9909.328741674497
5870.532717053873 2913.925500445621
7706.435281445265 3619.120254720565
1448.1849999578556 5313.133219207111
4498.751652141363 8439.658623773303
8316.432550661551 7200.060994561439
6619.875738270414 8901.807026705526
937.7650575128371 694.86758565383
2173.749180187151 2345.5942304106125
7017.672053186764 8303.823537905137
8526.46283600802 7401.333921313452
1399.132541379694 1359.1690526343514
4405.7945539000175 7391.768271395419
6254.660839325885 8601.636378595098
1527.770993780041 7409.411335444616
2710.909439035326 6584.786879184191
7462.604766653152 6992.696369828944
2147.651494679622 8403.585371291494
3495.7087260438957 3250.1548622553246
3339.9724235945273 4861.772618369937
8223.577240049648 2715.244965304613
3227.7213750009028 8597.159894078895
790.1461529216391 9815.685705492504
8430.093215408442 9803.941878970843
4693.671001668358 2897.205593740406
4332.253066304801 2722.714061718283
6518.180140019672 3243.339054838471
8760.07902598095 320.6503423030949
4537.984549930115 4765.1445338888625
8589.541107686924 3852.5835223504955
1104.5447034945632 2092.8345232084444
825.9324125528666 4300.773152047469
4325.693333049201 4874.149643152446
652.2842841490273 3128.6854967997056
4845.06221976818 4530.813579781709
6951.6727014567905 2613.8497140428517
2254.453810760808 9997.819142737335
398.84255735811337 8557.915732340864
9495.67009481792 3728.311873989223
8783.814116764479 305.6293317288572
8156.397394426862 2436.2919571065545
7537.193602025495 9833.686433998146
3295.6636312990818 8051.416586030652
5694.321330350397 3425.4771813216366
5403.1512490311225 9674.901066799606
5353.995403520342 6849.022813990227
9031.403006562003 1289.601854214928
1509.7030879721528 2317.038409331237
6021.622848855295 2702.916677441245
4336.430148043877 9196.767302119526
3937.9768753492626 6521.7028851338155
3262.7605711835226 8368.013183321926
3963.188102738369 7684.087540118484
2845.615685473878 512.8041855966748
8057.881202494694 1947.5671996491917
8646.80060091066 3708.1618287011765
8473.496648668865 8260.159728656858
495.8348021894343 8858.9643052837
7925.029606068744 8854.507036163752
9968.615171023575 2055.605460942953
9481.013094495263 4090.356560070519
5329.061114979806 735.8694758290951
3997.8148384772117 9159.593766116008
6248.966745099249 4516.613470998973
4447.40200571922 3040.0147592551907
8324.672172473378 9116.646237901037
2020.0361997741456 6033.531968112037
832.1115651643973 9329.576103852483
3712.413067821141 8636.320556987928
5661.44692619003 575.7156020875387
4728.569759478026 5872.143568477878
9524.159417191122 509.39909204708476
2280.1104376422054 3044.243148761615
3454.482333461374 5741.620311927067
2401.785118359718 9569.920951626988
3491.4225926963018 9093.40952629851
931.5199592923896 6399.7361353770575
4762.074821869701 783.714247077737
4294.552283010969 9345.688262178486
4780.517246179586 7821.427098465424
1981.9796767573127 1065.6237022753278
29.073937667644103 2316.74312243887
8021.6691410906005 9531.854398229892
9264.26104221625 7771.533724895989
9811.44867804125 4178.371933122979
8137.855927618986 2859.933575266772
3484.5902467247 8594.556938970394
509.4536331548749 3793.960025552261
4055.382232301595 7147.331128196092
8119.478750646655 6598.84403190184
9649.909521935831 8009.315351568165
3336.2505858632 9866.327430784493
5268.6909749339775 9660.933143133172
8622.457971228672 1709.6585923500795
4306.812755978298 5631.171932940325
5110.491014724719 7528.21577420549
6111.568243952821 5727.90031392815
3513.110410819936 1286.3318429338
2386.4556051590303 2238.033336163138
9957.001283996044 7637.416395094991
8105.984984439541 8121.888682291797
7840.051452605923 365.9512030268941
3091.9573443518157 5552.363264526667
1040.0037270065477 6444.166705768432
9009.05611740568 155.43419273461257
8979.493725858849 3894.280985238623
7211.420413640058 6937.350382857964
1549.977371008957 8799.280053473407
8453.282354608496 5602.053556982347
985.7938610677908 6564.670446586965
3188.50807059338 2413.871845566958
4828.0470761648485 4486.614998377777
5098.1994449937265 9576.264411469589
1709.2411650068418 2055.5907096082647
7265.387695294708 6030.958407972173
9658.358204941094 1371.449166479477
1528.0167079032315 9558.776644150887
1045.231832782687 4784.865996300013
6343.364759658108 767.237158655043
6798.668689853079 3718.8929435819095
442.49381441831434 4543.820909150758
9680.720307730899 4487.180881303751
1544.1806056442565 654.6779297663608
6088.740391548711 7127.3105462306885
5209.107908618625 8661.159387410207
9678.200471448985 2674.830985702424
1229.2699330130597 8551.995473939385
9779.92464151535 7290.372129739402
9023.875610890183 4547.694170600844
6872.304232708056 4428.288852928166
6314.740985133779 4665.096667788378
9662.35855323345 4187.880968447147
8447.312036497568 6423.5972934171805
4965.244178186075 8665.381046155644
37.530472562853355 3132.372110493764
3905.7991481939634 7925.085352425627
2674.242992192113 5867.6717261691065
2424.8647483324617 7454.790402259924
3514.425184996296 1852.6474277179893
4552.3584120441155 1382.462367595132
7316.252698576957 1456.6327482779895
6850.867233870666 3923.0311363932924
4414.967293773325 8582.356520004403
3777.5215928938865 1725.18447160664
488.66376521235486 7637.965954860254
3779.6899184328713 8615.092095193919
2885.844573290146 2351.437467065185
6535.321375050725 6218.433235609003
9112.334135015664 8608.756509910781
3318.273063877476 2967.505041144538
5938.735351347487 7427.705554003517
3148.706462021037 3086.196379936099
7801.818034684002 5638.816766958109
1085.0285320780117 1457.67195481166
8514.401449095007 5431.057116731142
2873.0647166965027 4593.739533375496
338.40517770823755 8246.226765302014
817.0247495746952 5162.985037561925
7055.141621994977 9234.452040336484
6902.090759951737 7063.1500818322775
5623.687207210144 3805.3987464216534
8657.290911702261 7971.914480862121
8699.968471395001 376.425844955397
1794.7363082399982 251.84962151021617
207.53835105381535 4934.941524451897
931.6327849412587 4193.1138817018
4613.393778427888 3293.791374821096
8620.741598447668 929.4966298782537
8584.958134292545 6251.2809287799855
9514.753140177934 7613.803552793644
2368.204533275522 2793.4732494355617
8465.080345899878 621.1135642175625
9905.466068039614 1568.188567084051
3576.8650993347874 6049.324438831294
3003.77060521733 1737.8944378910355
730.6176228775596 9201.605206761265
3181.204294617823 6566.915867454194
1677.7159998196266 4525.028850854021
8275.405936210045 9614.09197314256
9838.454387719836 3815.6947787589934
8280.339727584776 9059.77239345602
8223.282701080037 8728.79793928638
3737.5772043076918 2103.595673806571
2039.7330648788713 4860.759152857974
5855.5969561317015 1826.4871269288396
8853.75867973388 6959.51433438677
2162.8420648212677 3487.786127275977
1482.5878822518623 690.3623420854
9865.958461759166 9422.047002284895
1012.4386403149521 7406.126564625762
4571.276428668281 3650.78222000037
9018.444046809578 1380.5809161486081
8346.86551375953 3950.9502682006782
8365.665499153361 9201.563886813356
8826.444094435632 7791.640751102007
7712.800128421684 5761.2417505944
366.7052240076041 5211.036486069822
3359.725683176328 5467.957933724805
47.056179639692886 1569.3128295579072
9864.015720159881 5086.844235494384
5554.24198808308 2393.2404331058187
2444.289779624551 9294.34490049347
4663.855573093191 4675.503790985475
7239.882284707566 241.0290537515769
5647.747912293118 5047.18680131843
6036.392649941873 8707.737480323423
2435.058596420716 1440.2438719015388
2730.5557116417 2258.140009048951
317.22695137246683 6304.149241235228
7965.563751221894 4133.4674469167285
9998.289900465286 78.05297463654325
3051.866642605435 7935.903476617412
5685.730893230187 41.59247057083482
2287.3769835642543 4818.851840583062
7582.209689458323 9036.7517460392
3252.7934485963483 3173.0397255591793
8273.136990767201 593.3733438779998
326.21101724925495 7829.98017746282
8771.18832871198 7910.252788109122
9049.933837493027 5432.684991131096
8138.653007442152 8335.52077636686
4347.758648219562 8919.839475366658
8534.311662432725 5723.374588876354
9284.409523775348 7294.970922973646
9119.708088345415 1386.8472641926232
4212.325495345459 2971.365862151627
6559.160356566247 6914.944017094078
860.9374581210927 4421.21367550532
8535.36750720922 1934.9380317970722
7243.236642287615 975.8902862995667
6775.450771138738 1411.283181972326
7581.341400242142 310.5290606782496
910.618574177372 3680.345283746106
2909.0069414398636 940.4582953598606
1750.2198591818274 2398.8771405037446
7768.874094523644 162.7526645098498
7478.446165598739 6077.1798412156095
9241.320700324259 9658.095586914224
47.102278793693664 4357.362406479013
1949.0045510189113 6130.3321201806
5679.8037728094005 7797.067659739871
4996.5388228047605 2276.7883006630486
1472.817704207453 5206.235471749955
4293.012975897753 7413.5717830944
8122.961601162825 892.8681566919183
545.3449362076246 7604.497081072277
2187.733053493729 1904.2630654732095
230.2912448049088 8134.382998696979
9138.120181052358 8909.35492501736
2157.1702699108373 5395.641202430639
3884.0264129677093 5668.8482272083265
6074.028950470025 9177.263390494883
8843.085237387102 2840.7072919488805
3834.321939620843 1201.8692857734036
8276.55418562974 1067.1402787206819
2158.701599452216 5721.058867483163
7213.000153513579 3597.3275775071543
9037.151973096443 4011.44915881982
7598.625007679739 9262.782012115009
6541.261428402972 9642.237880474353
153.61663529399382 6337.807978418006
959.4709424383574 9215.891538706479
5713.31216703044 714.5466183110693
6210.265261326728 6945.54761765706
271.77695722602647 3603.4775992988752
6088.158422987399 4728.583638080676
1430.78312792302 7566.078342542239
6184.229830426109 9536.829012706694
1360.2591602878022 6951.644391623388
8532.903632382266 1832.7480691426756
3676.557576276608 3564.924272163705
8099.304720581079 1641.065939144144
7911.595375957898 8968.409011948865
599.07648173543 5279.820509884038
794.6694188529312 8451.531543774052
5811.088453986766 8472.73317284587
9933.59348297512 8598.591611549256
6268.27425662121 4915.646535893734
9016.512851937483 6507.027276523621
2567.3470636116367 3786.690782864103
8165.799331585748 5394.229718596861
6603.480249100609 6497.054999181926
6896.954323813707 9132.804048764665
9824.119668517118 2817.9152398987085
9035.427160865433 8005.019524580859
1104.3617762526846 362.9619011677676
2987.217096802102 1607.497411325831
8199.84106627112 9171.299442392217
9768.341511398865 4555.424176036425
8994.215615672902 6404.815220456427
3065.3787836780657 2484.741199493806
5772.573883218055 6210.865811563157
119.26834776701311 1722.8893796841805
128.37659621713792 5050.783588358694
957.4647918363632 9887.788279738508
4079.3008597821777 1737.2209116030756
2666.7392440256667 2055.959686588038
6901.514541331742 5223.913318035137
9016.068116124674 9613.118875089665
7583.359039807314 499.4184676331692
312.5715285416097 6943.200937225153
7153.144552429284 9974.563812734208
6139.223468335089 734.6309283689911
1685.3907919705546 7236.545318087533
3791.0014369083233 6811.577468524247
4691.903073877598 5.179430966132381
5507.013153117496 3060.6056755059994
793.9509720276794 7526.677475181536
5299.743977612555 8700.270891903067
2351.785540121741 702.0713858720728
7562.616386679379 6720.557563873426
8881.176433551584 1737.2656359079742
4401.77967087437 4578.550354448539
7223.3717557222235 5211.943370712182
1821.7276583434216 9820.317343792745
3357.6300667666546 9417.720924721718
3438.633387005887 7765.451514079078
1468.1028555844023 5979.861195130677
6451.339739768047 9839.665226667408
523.3939530551013 9064.941132448559
8689.262632559052 372.25826224739245
28.510761902189596 6604.662223972004
5470.2422608165025 9054.916738688216
222.71350330506868 5292.152641195113
4730.513343578191 1969.879136361975
4342.026870413398 2373.350668278749
7563.731888309218 2651.3064887594996
9288.240913312382 5443.298518104201
2549.6501975259157 8442.701833287765
5203.591119465245 641.7322532042102
5231.557421513216 8064.81124101104
8777.17902619762 6377.652747305598
5032.702067224219 2864.048342125244
4910.6347406403875 9496.900464660743
5731.340731053608 9370.243110701676
2617.2071630599726 5838.8358006147355
4276.735935666599 836.3435992113422
5085.703404591045 3166.906258511816
8214.501215051258 1096.0360826645067
7860.621133972271 4045.811230692954
6371.559958147648 8830.468567548987
7791.428664722667 4017.2461848023413
5916.9919623715095 8172.942997670136
888.4675625024519 4756.907637171589
4102.0501775909215 9151.950192584058
6075.350497571145 7092.646545073316
7010.531900427579 2828.9238521793436
2239.187695205158 6538.753525295222
2510.053444251108 772.6046950280519
2804.6207079459264 5400.9669255135805
3533.0802629136647 324.0868525181806
4113.660200284391 7419.1490502085835
4551.52968439597 1130.9994179158057
7405.658531721689 7564.913744044617
9001.985036107879 6317.735079838201
3157.611067553934 6104.8716746591845
794.56209407341 2207.8505892943367
3385.963808985413 4302.689211278082
3833.119874333296 7857.736840421253
1865.626922197261 3736.195043253483
3982.419108958728 4170.641822988396
5619.511196543884 5158.301920172635
8838.177024711991 5887.279862208755
6918.484223716108 228.24746487260404
8584.40570328158 7424.93997784977
1437.7986257683463 7909.480916902646
9089.027469371464 3523.134221290417
9122.481809588919 6727.535046513902
6005.518403612601 4305.679125981562
1494.2867435931973 1878.5062474107106
1917.169742320476 4532.672592087378
8525.039284449376 9184.720069532877
9668.95938417031 548.8210021781236
5581.809589347293 6990.679749037837
9958.79709049681 2615.2775258872985
3239.733522366558 7104.382914314966
7929.406879725531 7982.658367055591
2980.19845626851 4778.01730119183
5413.4361948873375 1266.0914652955546
6919.452422611928 5124.068772325576
513.1242377145439 3340.4431278636503
7101.5931545978465 2702.268024786223
4072.5057081860896 5281.302732000372
3692.867228267538 4323.366791063406
9442.951056891028 723.369775956687
6537.717040468135 1727.9570455685234
3853.789105645834 7673.177702029038
2843.5272685463033 1980.3686355810635
1021.402750041086 6288.131156803625
6884.152310595038 649.7333306896103
134.95406138042898 1224.4557878397488
4221.589659828643 1900.6672593422413
2182.5674050733055 9933.554435860064
1979.5433620052638 4375.452181455741
5776.239717940394 831.5179358288372
2237.55978438992 1617.744748163802
5771.968235847314 6978.646425584451
5917.920754869822 6358.205997787988
9102.889124735308 5657.739320530955
308.22409683985865 6733.761310261435
8330.942249288455 6152.121101736487
9281.085441558836 5920.739796079777
7862.389559277271 4120.832787419019
960.3215722677883 473.04826399552246
5053.198396406361 8734.84504975142
7068.379140674069 6211.450997974592
8738.216939675782 9784.38116926842
5714.1072049174545 5838.325808301745
3532.2392707805006 8447.460885935718
857.4468304981664 3255.4367118967543
8782.54296019056 4332.000201010676
7644.847434499933 4024.2085409419524
8091.274439676411 8321.061394504874
4811.628943936776 3732.5931665713606
8880.322923655096 4259.993057262197
7338.961599453417 1393.412066996108
8941.644738767149 5909.782988331368
0.13915611336012823 6798.769289512239
7874.935144193637 3747.443743917965
7546.415597026229 3395.8027933933777
1613.9672959120655 8435.06180716271
4932.288537813004 688.4806968691215
8822.702929746521 9421.7080298158
536.5489382027755 7251.610884687116
1130.5192338249637 3928.2079340221608
3576.454238700546 1153.4258749544467
952.3008875904148 5619.674789920461
632.5094269862797 6895.938891853944
4793.861723917017 7743.709597104502
9043.951094253904 3979.5797825802083
1475.9184974520845 4226.212099128439
4955.520015117436 7318.640250904499
4867.671065964214 2726.6573301263297
7618.559210502351 5164.497152215773
2684.4739195773604 5209.499095926267
628.4347369891196 1079.6267891732082
8489.29405892532 6310.756638723941
5168.582917676059 5.5621679750006425
898.5616624237281 9354.888572545833
4882.274201560708 7334.598201816775
2448.756043201864 759.2060227358677
5009.214609705877 1773.9830435672732
8945.401462562279 4512.4812023390205
9399.105336380091 2254.7463371245067
2955.43685708333 9424.292399564632
7114.487519208182 2868.161638800576
3960.4593882813 644.1914468570365
9283.259122928856 5302.484267332395
8431.290041806751 2513.167013050971
2565.601053556655 9153.809228613189
8000.043655506082 8942.522039929378
4345.190947327739 8464.19096982687
5920.235735011224 71.22435374053549
9257.80729867303 7874.577306746645
8877.75423057553 1824.3148130511588
4241.92680788781 5246.7975868502235
4844.491729916116 1983.5061920049645
3909.4062107904715 3057.8754279584355
9024.944566192615 556.3340754035795
412.3611154123352 8428.859707575877
1685.2142686952454 9252.844046618005
7265.1835383509615 8109.634909633893
9815.924387861607 2140.7345660374035
3116.6908957880314 4054.459194236076
3726.3176056346383 2974.812482243214
9739.837961234402 2401.088232456263
3520.1224556678158 7789.397718589579
7950.105004382391 6366.389309398831
917.4478641948414 2413.3297752842996
6898.257563920419 6309.234924492813
4634.305102221024 6699.348576239662
5986.051413877956 7119.523528687521
1223.837813422619 4986.767754780518
7513.208356898138 2838.129843636874
5562.133005925074 3468.987298230135
6073.6922391477165 6446.946965422583
4124.32047513765 2393.5256799205295
2086.8275586567697 8505.260791886165
8867.915643767388 68.47162837931964
3425.1106512110664 2176.6999498078744
2363.573244497451 2027.1308142238465
9338.715199244301 2059.7017347250658
4472.675382900221 1954.2052944744348
3983.9712097611546 8277.278697528302
6336.887781165777 1859.9114986829145
7092.289726176494 5817.834564281859
1881.145308322134 7801.153920950924
6112.162116389884 5407.8636452623
5929.167116328107 395.88648713356986
9478.346159461064 5914.049295115847
7379.5705980199045 9213.597992339603
4767.810422214441 3790.3695800012515
4785.879635080538 6979.646440691516
7036.141467081055 5092.595134403185
5818.641865486384 5072.783313288502
5800.311915012474 1827.1745395911732
9998.858608543178 3108.5048726772748
2229.8022582995745 1538.8717473300594
1000.262512667025 1549.9033450874422
6053.768254031087 7999.911421074211
3595.6229901792735 2180.870068816001
3873.1998456413753 6146.413107433552
5968.363445581572 4381.424385597556
3133.8844269242372 6420.483168202691
4433.117390022634 3611.4597592383147
1563.932987365193 8631.056262809545
2708.9513890324833 2628.112295074413
1314.1693871717775 4520.0827071518215
5869.951444290956 6642.48246339734
1528.1636004599052 3794.7551885761322
1572.3922918176913 9023.975776734045
2130.4387297929093 3027.7273520422045
6638.313911515661 799.909803180927
4163.226794367274 4628.230317036741
5780.499515796195 3522.7430014642837
4748.074261787103 1792.9157536904672
4143.418868850115 6110.941440417554
5444.302388681875 6485.859764512985
910.7942854386763 4047.1787783292957
8991.266838247007 5132.970425559119
8821.07252451329 404.32055868618863
7175.108287593307 3955.1711907853028
7587.6050445484425 2602.3296116070337
4372.247096365569 8416.335663507347
391.1607865578093 3985.7122970047108
1792.9030464784212 8024.485980723623
4908.262563967511 5283.188064232209
5337.130835192495 1045.3463008313136
5800.172615991639 1758.8049376506942
6504.330681243161 1371.8659498580987
6880.443880001207 1947.7094040994048
8908.895016154795 4425.54765370105
1593.9815549660586 293.1993780412456
6443.606210633127 5541.293205502294
6640.876296950966 7690.862532383228
6832.683660485221 4333.681249901879
3258.753541504301 1448.7685951916328
7073.28564743995 8928.456704372602
5401.980135974761 9457.361013494112
5530.220274078774 1774.206639541087
2970.666114120888 197.67741159105955
5151.995116156656 3940.4163510979106
9148.751100659334 3459.823154639028
1624.9146072115307 6460.740436649515
6121.518738649762 5520.451591190877
2934.201679910101 971.9503336704627
2891.4468400025717 7086.485767231183
5237.715400071194 8912.678028133152
1457.7255893158713 6737.061911629709
8749.93514259624 3471.2857784862463
7213.49905092356 2077.002738181023
2879.9124914038334 5654.777115585345
4473.859669545081 7818.8419876202815
6339.80130310997 5411.697996257987
274.75505132783184 9404.88575564725
241.5263244278154 54.599937093569025
8700.123038026082 2524.0248634848126
9585.799435711462 1147.226556148303
827.8401826485582 738.9437350314043
3752.864659456794 6657.337916011069
9197.217936469455 7075.891722299866
2513.3615545841103 8572.482314052451
8017.941712358277 9099.982509184163
5512.920492755638 6476.4943655940115
5331.97292264744 3467.526291550226
8138.964672295492 6697.3252509030335
9180.807485531757 6818.768454767293
1029.0624477058807 4012.9303548651797
589.2358279896515 6100.87892556493
4001.2521781182995 8964.420924818876
972.1188588877916 9649.078454490986
7803.631223724637 6229.368373951426
1532.6260425641547 1167.4178279479663
154.75866712649554 5687.405764743367
2211.258283151781 364.12875823422894
8122.10721387147 8905.251024238052
8847.660020233692 484.1303028661292
9210.879416765407 4769.202161366245
2476.3031884845186 3814.9317121348713
6206.0991617936725 6913.43783183576
1607.9298752647842 5769.631554916269
2372.3440642524165 2088.3523540566293
6847.115897483217 3711.61358929001
2060.048454620672 7415.408438711844
6610.16147032212 9144.168846491582
4469.502514182787 1896.7033350942286
1100.3069375626728 5800.735191667192
6537.343836288363 8160.523301950605
8687.719532267947 944.5313873601069
4216.059848632717 9050.362816622557
1457.2069243901765 2032.7370450877868
872.6455392195597 8312.231546885885
2332.12539157445 7194.062389288674
1915.4686480658645 4944.042871362086
7842.844028542464 9399.030470550753
8013.7281727941045 8920.131571727967
4866.217066829103 2989.9833282795084
8858.308045733402 4863.673318710277
5164.918730163188 1113.5325584559496
8128.133148592117 2828.9257516322764
6058.230406544575 5877.293715382157
6764.9499111424475 5913.2657466381015
5299.475272510872 7726.717831959165
1440.9641458341628 4213.987964253143
8683.23973823066 6041.412119427251
6819.234128890159 6773.590368978338
6861.260844464216 8037.762506286745
970.686280439057 509.1104060414464
6213.659268810952 7760.557685694524
4269.875495765604 4267.933741957699
2863.013431727299 5846.909978028162
7855.015021846671 7450.331840029909
5925.773083283744 5479.447070340963
5603.046507641544 5736.885004204404
3471.8894015321534 9477.433895752045
6316.056738242963 7347.931446749763
5271.091632333424 3233.6599522737297
5760.761053283199 6232.2887799367945
502.53161730342777 8711.600114634819
1145.085382915073 9834.906093136431
8675.149358717066 5273.112278507667
9641.300227420814 9891.674359231822
369.3971254407369 5433.636984360779
7078.159638845062 9872.340187132613
3191.113568385623 7878.323250163037
6511.652361678225 9746.34943958472
8882.27647571057 8918.169952389404
2337.0345165756958 242.99157606416432
5116.798975332721 7909.637752476304
9728.598246053292 9708.76148727183
6459.452875148842 7677.737966229357
461.38192051731977 204.10168555735743
5306.440628474226 1854.6252891394354
3061.7908705851173 2714.577050698236
9042.571867926414 9158.542528230773
1663.0506414326142 1809.2568382990514
8418.988695744885 4013.943347116412
4716.583736201646 4970.852462588149
1718.481737993437 4813.482267953373
107.40556045768845 9215.263829163096
7732.566901123464 1660.843483344282
156.04457749377244 8935.116734119678
287.7349142699737 3973.2285342288333
9740.484036293092 3888.5155989506147
2678.669154662935 8528.103318904376
3879.842358653003 7394.6428878120105
3836.1679512817504 8052.685078801996
5205.410929873912 7900.271583347456
8557.132498223771 3087.4064099787133
5137.933754053492 6565.675688902142
2025.6231942934933 6547.731219652671
8051.175138675321 3572.565425016212
8552.252005655566 5040.698724652601
2319.2472535706597 32.270604156597884
1160.6485192038717 369.8820921172852
2505.0770520168676 5420.154371325784
8167.834605904397 8735.183442604406
1893.1901545275953 8753.611882653046
6948.7205991721 4864.956183084614
3951.045846186613 2907.3515363504343
6368.328367479612 22.545389152631714
2469.0945522650186 3950.012689084275
8317.405255989248 9782.028421937413
6774.040166082792 727.6490998930695
8990.363216403806 9971.512459306103
5185.956657737617 6889.194114319769
9345.004431403047 7351.446656955588
3133.435160899561 1029.4953882534542
7621.040412397313 5506.24623980674
4377.685885223183 2299.9485097087213
1055.407512981792 8634.8891739124
941.5857843047015 660.1841936382801
2901.924398186798 1818.7827324309892
4680.479163664655 6561.870477536503
9852.92801752481 3719.287804857899
6509.41920074538 4111.552990184262
5938.027726641199 1286.1206471468302
3264.009558163381 3310.526173388465
3972.971153000927 933.86138733759
673.0279389297822 5910.706838869225
9611.514386439498 2782.0783016465202
7904.583092853444 1690.6818447967619
250.79451607571522 5117.492935337325
3359.7023019506787 4295.070369938999
4365.189011890556 3465.1826689940267
6443.72015645743 2357.038096435883
8604.959771193755 219.27560788411404
2337.8868649497786 5704.543531892096
7284.0872709184705 4167.391867840971
2139.139013455774 6741.881220475884
3809.8601397788843 1673.2212385801358
5031.364216495849 75.99638090230786
2736.8081055888338 7468.768001962682
3330.0633784571064 5303.5271207128035
1316.990585515617 2382.518488626627
7908.6533497203045 9275.484555963458
7631.780051902555 8149.663959897818
5539.530684812076 7580.988718620552
5463.3852567915355 3016.0245995227087
7640.553805750125 4258.325435930227
8656.88611539999 9277.208096310089
108.10131877879047 7153.053539081734
8676.923704212037 3031.673837650677
3238.1516758111206 7487.334829939209
9041.961661935973 6816.027886887921
8172.557014243742 355.99221892510855
1153.2516585334406 6995.058367367137
1616.2589597750666 9947.857736937523
8874.46742812043 3711.129330031332
6093.169521299593 2099.358794183995
4074.106908295703 8361.343482773804
7756.036730549228 4805.376014648494
3110.9323590798112 5156.465720155403
5314.4846359958065 3484.2877891621647
2637.532399613394 5479.650801577526
7169.907943785573 1533.5284121960103
4295.391961570096 6123.413223231948
2857.327162364205 2246.810622730935
8188.947857066242 5600.350654303052
7586.550171262409 8391.967064299322
6691.133399961843 7259.268365470687
5591.1695247629605 6396.223542439784
7811.093359104665 9938.919996762499
796.0217670016534 5444.881644084164
6470.479740222449 8620.292194666488
1872.8498247939717 6857.980166366683
6528.818694016691 8924.796593580391
5645.832262604358 1687.0858878474648
3091.239429244622 9972.04798804814
1913.4917349316638 4370.937153808731
782.7785791287012 8935.036478877715
2198.430594970102 9185.869191677788
2345.5783765346905 5943.305240885147
2596.077694617255 4108.210039688047
7174.885457645418 5449.89295503357
9723.33774305341 9861.699951048873
5883.576818393077 6129.839807748573
1146.5350678025034 4269.015802940039
6817.356844740564 9481.863867679285
3986.2446884106994 343.6347303454812
2788.56823002567 8183.2659528560835
618.3244498191265 3399.543055614411
2217.11579229843 3394.8000888444462
6142.097814185303 8955.506925641312
6314.743035457551 4530.235584752624
5479.4148867435115 1381.7716424740645
3123.3606107217315 1701.311328930012
4387.974333946599 1430.177816245215
3938.157218324181 5467.061119517212
859.8222263991129 7695.437269735169
6147.756341771804 3925.4806625739056
2647.1967626905334 3497.833407079116
9380.328928337638 8487.435319579634
3180.036492045768 5859.769451525778
9350.554520819052 8474.370276899854
5036.010877108054 4688.798536998827
2765.8656226883795 7841.798658060716
2530.4763763421156 2484.1218068019043
5974.425793561543 913.4687352586645
9137.200019404207 9796.44923131544
5939.374843247883 3110.307789606498
7197.32694057996 8761.267915034114
3155.02690590274 1297.859843973781
1048.477409445323 3969.227898044072
8692.525864086414 5170.303406798999
1873.4111509082818 141.20261688871594
8047.533942133623 4637.569621012812
4145.960621548758 4032.9513770817025
7660.633667403441 8201.766807305305
441.81051195147035 8592.417139967694
6945.428409636936 1258.1605155811005
915.5657663440242 7029.981416313502
9114.240059215643 7340.300511934729
3182.956151686699 4614.128628323847
595.315136050324 3766.0250220054913
4953.924435046006 5031.07008612982
3608.985013471735 5443.42745277354
9194.591430776498 8055.142427059225
5257.282381989747 8213.503978535427
4075.28183907217 9133.3082596085
6240.25154180193 6959.408884894969
7723.556276373368 9580.272408379604
9078.949640939809 514.681972137021
5920.134059283519 6870.862301973484
7165.4572505302285 9182.213586149532
9984.334612787206 3954.2636225985516
503.69772477944383 6923.7007301785825
3335.806201282926 4471.211354347174
2038.9444699981418 9427.636822245438
406.2123603869827 1023.9409443449998
4251.902338542063 9934.863367672868
197.68726882253063 9867.526166770554
6188.7917422447335 2090.3070923325586
3661.021014315462 9239.121268606428
6359.613881577405 3120.935619201792
5551.960735142977 7413.291340428549
8778.887144056444 7320.17554919362
1523.790510886157 2204.2679074907887
8011.512533918821 4287.186551068211
5439.354180352698 158.74047955493074
6418.792564125505 1193.1255710937905
9754.958255985055 3984.215103167995
5249.94378474203 4063.3459026341257
1564.8398799067952 9351.44305664388
4646.254591377012 6691.018816796991
4796.785042103793 9910.7063915279
3094.687133483125 1743.512137065345
7417.602543117264 8665.669607927568
2145.306427548077 9253.000721118897
3338.0449522482427 479.36602014204465
8359.205865915364 2936.2180161728625
7403.808025122298 874.9682419732152
7286.122962755409 4915.851967448446
7926.440589799799 941.8317995946624
2088.8018414324515 5534.950074852967
4191.91565527575 3065.162354489689
9978.6536053854 6340.865954764515
7438.233721852811 902.3720195754281
1363.0854264078341 1005.4594602323131
4961.69193832304 9622.879552268321
6939.358941303034 9973.528302415276
1678.9618874745015 4003.4420381503464
1248.8152233506678 629.5806945531846
838.5808356133828 3781.695314645891
3059.314366668976 7553.539686409277
8470.011373391246 1656.9598832286192
4374.793084357282 2731.91245551767
7104.233049381646 4017.4220809295903
2482.7884095138575 6324.1607143133615
1769.9487030614325 8908.324021453654
448.56622773811415 215.231985018115
3042.8533235055397 3575.5610132125216
9386.833404060739 8399.288262520306
8470.452466026616 136.70062161493246
811.8620673312948 5675.534689965191
8687.266741753043 6714.401019673032
5757.422567021391 2414.0818163017207
2040.553183817989 1796.894636721449
6215.869994455975 2720.9816606048366
8384.790399879517 9188.624198191072
2715.765397751976 2561.6143026091045
8382.757309036353 6122.358316309063
7579.070990661694 5309.665962421969
1968.0428528872562 4103.5242725027365
5844.322527588549 8825.14912418612
9279.307183182898 5365.582998445179
9366.05638694687 8095.197956374361
6554.411722188509 8625.750954262247
2556.0673946617108 2400.5018057582274
3826.9643207958793 5155.717223412061
6736.370739559821 9076.603395056369
9458.663967528546 9548.916824734826
3812.9001834638952 3660.592402635494
6771.05631486282 2207.245610661921
426.24761704332604 1636.6984281882392
6464.362521205205 4077.6388760126893
7873.9780332959 1737.187302051396
5414.337911686257 9275.712064927407
768.0445836760241 2359.8047937680553
9439.993943601396 3914.2272003092717
30.057322178050903 1448.2463154388324
1381.4926609137879 9358.01074810708
149.89977973808854 1776.0090335567102
6452.146304719106 5083.747609098212
5124.901041357174 953.1026110658137
9190.157631473221 2221.17693442053
3346.382571680351 9988.845092199736
2312.785196177175 2164.7617945143606
4203.2361679748865 8004.11332316717
1602.9855568354023 2520.512455403512
4534.227581119353 598.085876169302
7252.94282320666 3967.8509385887273
6468.404918763911 9317.082245852891
1778.227674077457 6821.867637736139
8086.68710476441 5916.707326568703
6297.1193025041075 3040.8831167815597
2605.5198534267543 8608.09826727287
7992.323275089486 9048.165006337495
9076.958869009464 2070.8613342468475
6761.172851434405 9957.041799773311
805.5089814067861 6098.387277315852
1639.7535311828183 1376.4529814703774
8676.426753415195 8861.182184619025
1136.8599069977415 4791.361633939592
3673.789549847679 1523.1442582103282
2713.4924647880975 9865.058443592443
2437.105679862386 2965.851666004419
2317.147424343765 5834.203632829901
4076.191210378165 7533.102570821484
2482.450941112756 8863.388740617389
5139.344626467801 9839.843279250263
6862.303169283681 6654.021454550587
9660.375860189193 6623.1095914740445
7202.16349252933 8967.03428027942
7785.182567918476 4043.024903999097
6622.526886858925 5766.61606958291
7343.518826956731 2610.557827155877
1791.8937113452648 3616.532385125818
9138.25128493444 1572.8968376052399
7797.266245811347 8008.4688150984675
2694.24729306632 5319.730611354488
9565.610029751784 2987.6842707615237
670.5444739544564 1967.3927550858461
9852.222248044163 2606.4951930259863
862.5003072280102 1535.683913720849
5658.77912536996 774.6995458278604
8953.22912850665 5270.317116990536
3154.568766806202 5591.968683670528
8711.277630715349 8965.909898872595
6712.45753264955 6253.3125669837245
9401.929230530819 2111.309401165361
4196.715819848427 6436.191606843096
877.2018771413615 1994.7974885124197
5868.856623017896 9746.74510714754
5112.014856594566 7546.452604593509
5705.409330819328 2109.4322418930046
3769.2188399750294 7411.957850516579
9193.384540666182 2358.255062985536
736.7307270633095 6587.073801796054
89.99441309270773 8834.038631050727
7082.911585205164 8748.149801483425
5770.620905807652 8626.84248520013
5082.951445928854 7068.010521853443
1219.8726137204442 7916.242418406444
286.03046385578756 5917.818926347443
3651.9622017157326 9062.545240555113
6513.088973525321 4678.450576029759
9397.593359250419 5251.792859941989
6166.272030236638 2883.537153764567
3210.370484804245 8424.160288831737
451.4467512399467 3663.179042878859
1393.5264130471091 8946.557578740681
9144.803375165726 273.66270725253327
2195.048221822646 3198.977301358208
9724.56241883568 8703.464162982915
3976.3216846271266 1146.690277305904
2344.2217406239574 1428.010292026387
2000.5591223332708 6588.191384229271
8703.977006122026 3772.599190227397
4408.879090622448 1014.8509729290112
6078.270422489315 7666.4903204185775
1284.4476951439722 2308.543611689209
525.5639097924825 397.63872881784954
2672.1285816027353 9513.293709995145
3333.563983077178 5512.956514684166
4011.7672277283546 1327.802568774893
7247.324506334948 2319.982660977236
6869.012860674223 6958.355779041189
8042.347584739219 4004.259845451248
2396.488980145789 382.1938865510988
1600.9698892774593 4633.1073448949755
5832.226097210629 765.4542410444876
4323.584504598152 3527.989794123373
2035.772395382639 9285.600005283986
2277.941238963671 4891.395599527689
3914.9411144429314 836.1398620373639
8218.84529332763 1578.736135826646
5630.7228788570765 5646.51406260561
4272.401324875888 696.979213028709
5808.01349991472 2861.530119810789
437.5808774816392 5786.290757235913
1497.3758481874888 5307.276328078543
8580.899365444851 537.3357766124043
4652.242684977375 5664.616215507092
515.3182902125398 8284.61689792073
5004.404784978512 4341.310684259109
2559.1722893419233 4842.705194962485
5017.307497701592 5037.644802397442
2349.727394041262 4763.363367795415
6416.156659808702 9402.037297968862
4763.0964333798765 217.81134560399317
7036.202981575426 3246.908401675348
9484.927725115418 5858.257297916668
2386.995145856374 8234.162871147098
5840.904733005324 9071.917330073333
5796.74678801072 6904.4269793593785
1066.8293007385032 2692.6100443801215
106.41459044397949 2524.55014484921
5763.30215112344 1430.0881401905674
8538.189783680942 1684.318773381268
1534.609703898313 5643.540168506107
4277.808175741884 3030.229224431771
7704.198375978169 3319.80155813413
9724.69181740047 3362.70575841884
4261.837105951466 15.5980933784583
6393.1869607946 6997.1479264015215
283.03518319719336 1489.7337145246913
865.0071351120148 8997.288599187228
4065.970232259243 9868.319302653419
2575.0767901913227 4797.840038259794
8030.413064278953 8457.009975773262
1330.1442092643213 1109.2997166065431
8849.959781326059 7322.100653808273
1249.2842548397987 7299.901001342478
845.1209891070632 3126.9086943766424
908.7585423755052 7358.76600914524
2497.3767946946036 4170.139496977496
7831.047989813858 9858.769882128585
5421.210651280496 3440.442028978945
1750.3806174728597 7934.0001385335245
2346.917845346572 4336.890566602077
1806.5291979777498 4500.350675419019
1387.159735860597 5707.053480268572
1906.231172923296 8772.812012737286
5221.354513808605 2867.8642164976122
5413.301355265597 9394.338734434115
5070.148311497386 2280.9849504734057
8634.784752800912 4925.267995326794
5133.898160847586 6608.627013392456
4581.111198493648 1806.2437727064407
3077.262099126461 7637.694374042915
6236.22340679049 7539.103308600878
5349.556204539169 2950.795244610388
1260.3197471973403 6802.933254198503
9341.461500508318 8070.423063199792
7093.16749922593 77.17090516112468
851.3156497173868 8342.078384175107
4986.019933147609 5673.789080500522
6511.165374052973 2460.743904313979
3650.5685661146726 8484.809733008862
1829.9317755244115 6481.506451205815
3441.8338357434686 6000.853246347608
1863.1634959326104 8485.714099672352
7159.241409720644 7552.121019209929
2322.881273367433 9142.30336504516
9128.778372392184 5785.589277392218
7306.324497541023 8428.66287529979
2602.603736561836 6706.889217608151
2781.0844585875784 3729.1252408615296
391.24350851142407 6784.4457562603975
4763.969426806627 2568.4599346071423
8950.237769154104 9658.67543738761
5860.304000929589 5156.546652728288
3295.434340899117 7990.134787119644
1734.2387453088293 906.7335608271699
1726.724053527583 4861.48430706481
5760.9233884443565 9379.821327184225
3926.626161852519 7158.576863567608
10.236382900881136 9353.28862953411
330.4235136626088 9501.535899582177
7848.837719950909 8476.007329910119
7731.880893618376 3960.3010801941896
4981.611617086657 9958.22387478939
4961.778953378719 8655.516318240201
7600.396863983866 8669.785343930926
9855.615838622121 8054.040835500952
909.8404037587204 4466.822405622729
3300.7717025551774 4950.170864351336
348.8179863704899 2473.6424563699156
8570.597589460052 5472.970277309373
1191.9873130236404 6461.124519165682
2781.5844663217395 3336.3882322345708
9191.489533413176 6694.8200094794
7613.146306620557 275.9132725518954
29.97971494367979 166.04716574898148
2497.2743783618503 9863.807882652907
2535.698471968969 5235.837351827728
932.5795099400003 4870.547869951894
7770.658674006721 6408.220618084636
8956.362461037883 6184.363736217166
7127.337179572205 2395.221535550178
5763.539929888075 1435.1758940764992
4846.0883438824885 6495.817967475299
5286.445773702076 2718.339737066003
4365.237738244438 3955.970228258755
3639.914521469427 5960.558642882889
8887.100805220489 4264.640298939469
8117.016429265973 8135.379891737453
7539.782218603035 4185.530169600269
9500.494600693686 9439.88229145691
9108.456821069829 43.88722311858384
194.47434489070824 6072.996559726902
4313.447457567684 7292.249347619139
1765.4346550854104 1432.1950539806894
4951.973813893208 5154.310705031413
1130.7206434644224 4824.704654998623
4141.643755341536 4434.333670571785
8514.122841759701 3552.359223713164
9934.797163772762 5162.420977457848
6890.154137382959 9793.323598780064
8750.005755852795 8024.514499758671
2783.0639473525243 7831.173095775252
9858.97509318898 2864.0045122497636
7221.006528645435 3879.306441853294
7854.3515323980655 6467.146380200779
4793.148509931493 7271.634184721865
83.1372350360593 7717.447310835526
6785.025131300457 8088.466176053453
802.9191500164112 1965.9819765932696
2225.911761957009 5553.242571873415
5034.818478220134 5302.879124340833
2176.6636599830626 6358.179634752202
2138.89200123326 4691.048215525082
881.7388790233705 3624.9302878479252
6588.592557315008 5313.219494201551
4292.2007068334315 5351.451941752069
5636.9228390015205 4584.67338765602
5308.838457805726 851.0126481854552
548.9321458773521 8804.552511158578
9791.598986283667 9290.026645273347
4692.784775960046 7494.142340869236
6632.4445545466415 8610.424323986697
6111.2345043265495 7729.7608317144295
5454.52232481289 379.884512230465
3730.8407973833746 1166.9656223776303
6014.739612932964 4864.458470963306
3862.638328821638 8755.443723446208
3645.651698041064 8028.633658251691
2412.4510276398146 7621.39940982184
8272.29664052993 1532.7125755113614
7744.664083594142 6000.003264767796
4609.3112233915035 5589.938809755898
7294.4912746016735 201.1559839221666
4422.696460388768 9081.343719499126
4216.322360415703 9751.913619549647
492.6400570713052 4451.908176388682
4591.693311080047 952.8162186675581
5910.218223636042 7216.099312236245
2575.3844702366378 8211.603100800476
7767.433228014979 1172.11269481034
2225.780984725213 8371.886613940314
9720.570030703124 3228.620622949562
302.36264589592275 3905.209468333233
783.0304154453648 7322.316799641506
4457.544363697304 1230.9845984183742
2599.327187963949 4909.115196185615
1797.2863915404803 5508.708045478928
1933.087024524619 3080.913243825664
6169.362611560913 8534.90183710601
1414.227812441613 6883.6216555064375
4440.20616717954 8061.0245557402395
2634.1625594679595 5392.985458499407
4933.376183814407 6583.398666155087
9490.812680786903 1838.9765704125139
6766.8519457450475 3843.730353768244
591.8372887366552 7220.378273861782
9818.246758942525 3193.7320420690885
3946.977371749454 8812.510357076078
5798.648222938392 1317.973744456077
4020.3739139642225 3917.162120658364
6784.485312948434 8047.518928734787
9402.611262565466 1501.8325757994799
1294.633937827414 1621.5041114557093
1945.8149395308233 544.180279635138
7835.23303196763 7153.577110078359
3833.24372005442 6540.206572068831
6524.151499802946 6616.743021342084
4395.038661398887 155.78910263306045
1835.1198688490533 3667.6309169842593
5085.577083391022 2359.8088334379086
8998.427931267062 3342.1252491019636
2252.148415753055 3322.605149647503
3805.920428051921 7210.134982773433
9961.559738043376 2698.634409871241
8413.405525133341 9849.891799584404
2437.6725658853284 2403.24606686249
8322.583936925783 7062.612181281098
1407.3742697183677 9261.689202729354
7275.044068831719 4784.942565421182
9200.87695000938 9965.758678668697
7095.389621984412 50.499369679146696
3878.5988145831907 6909.214877663818
5872.253784488725 8514.640492251414
4952.1509966667445 2366.995539734258
7414.929085875109 4482.923657300785
6738.458777662525 9384.284746721578
2607.432926637275 6769.925661859809
1328.9955144163057 7657.659648637514
2166.3830778733804 2683.9268952956254
4851.925402957675 6949.209742876562
6212.206279673645 1566.3449811215269
3050.3264610062342 4668.426932582317
8978.788734344367 8737.501203354297
3396.4668166337133 7680.465921924206
3746.084006884457 9210.936709907714
8010.191661766456 5892.388261272103
2464.580360523101 2042.4840902002484
1630.342505257213 9371.269697967968
9602.862585658968 6082.864490008678
7138.427069588451 964.1616391433183
2468.2361407164253 7948.564344762953
615.1160869454964 7636.2719044977075
4356.419242939558 5574.8104168351565
9140.855894096298 442.70262023616283
9138.945620139319 9497.46411110352
5170.09915341061 8014.796150686251
5043.76731327303 2404.1532976666012
9915.020958956497 780.6316278340308
7935.608192888456 3515.177568714104
7002.723116057775 2830.590742247314
7073.525227946814 1128.67189211728
9772.27352342501 8190.208999129057
6868.971785832282 7417.984540768283
8920.739262500187 3312.052707293289
6300.904792708227 8842.067367928215
1733.6993003857303 1109.3277472299578
1337.0224584701518 196.74414879318758
8127.883829599106 4427.496010484156
9483.850516959039 8469.193396396533
3061.957442415926 6095.010538385292
9259.74285027212 7761.331616898006
5402.53195843737 4803.0645267575555
6048.952826561272 5849.224580426223
7082.1781331179445 9727.959778950848
9747.721220964491 1445.8774964620557
4147.1666054982725 1805.3097620923463
3256.3488132955176 6625.889682899105
7491.48290670315 9172.640726693626
9189.955943075396 5021.735972346174
7594.078053594716 7180.242111591383
4779.981532936121 1141.4162468941513
2401.452826757167 968.41887314706
4424.192706441947 6373.817512870293
158.65178769731148 3163.561187248356
3317.965942017612 5674.934498880222
2988.2870899505497 1998.7698534827425
2.816474522281398 6774.186072838004
2475.4033603096227 989.3878769881559
9973.496827233208 9929.85439824649
3781.9374086731827 6474.70261345293
7311.5341588619885 3648.929305488927
1855.4229062105965 409.4289753818947
9518.569430091165 1675.2787723865092
3705.7612422570405 4241.168022978602
2862.722374231652 4132.249979668207
7142.319252303878 3336.731316466209
4803.162155365661 9073.085071909049
997.7111929984871 4436.446755241725
2831.3081588975742 96.34056950805436
8331.630547642762 9241.314098075805
8926.240494802183 1230.199558499443
2118.185747644907 6171.881034474029
8285.519417155036 1768.2282396897276
4549.975420468946 2172.851733243958
9726.375693180373 3877.5177620707723
8543.67599453617 1681.5121843308423
8890.614902729632 8800.290567336071
5248.3059572143275 8293.207432503645
7909.774258368756 6346.366758855108
9195.994777682457 8677.37639886632
139.74134832466012 402.4448794076674
9944.77148131347 5809.094357611921
8364.847212770925 2062.8644355176552
5820.663969725694 7423.194854182242
2899.8989740389316 8368.915471272658
9888.93212443608 7902.849664349938
1536.1555982821174 4448.9433042238925
3032.01226963571 9006.829518834908
8507.782434317329 5331.21433868063
6943.274509811195 4377.097114507124
3284.6306593078757 2695.260682544496
6110.50937318156 6045.132620151577
9627.277230966962 1090.82874633041
4331.187211193688 2162.199045776897
72.58706359430045 3977.8226803023354
1548.6389160567514 6204.509116219601
6912.3071298862415 8689.124203733865
7287.637025121669 8717.71985694747
6754.264277844988 5681.9162417352145
3677.880545532961 6337.948477144638
6575.8036101774105 9922.650996248489
7426.827165398286 7359.933932316762
8734.422548668557 7640.1255170725535
2157.192456222431 4999.651384705519
6634.876659594611 9871.70783429883
4341.787482381331 9613.403163311152
4172.0174329155925 614.4108924629777
1841.1105861020726 9880.64883157018
7202.013829358617 4819.792478269292
4412.430672814579 2806.1537906123312
5556.131591505764 1004.8064843982496
1068.0177703303527 8160.09735733334
2632.730210708598 7139.211147414982
8252.165583989643 8286.310397206744
4085.752232416916 6803.9062550206245
4517.005299944623 3182.0819037066562
3239.5541932627057 4616.906484879199
5774.911750261383 8751.540436181605
3116.3895154866973 8210.943897459172
3357.926835469358 9863.543372652264
7893.672094485691 4170.235362418274
8579.938073662954 8229.284669445195
8197.60319465534 4748.208283587132
3781.1783124783983 3282.3446961092495
9929.618135368108 6154.746671988012
1304.979063273709 6674.848649551947
5598.751235224425 9549.346609075212
7716.153682811876 2729.294730694466
2148.2391557757787 9123.127150493168
8458.590542062475 6653.586121118703
4056.3771677049253 9774.52423859626
8258.066004424363 6863.65106083639
4344.353758756717 6131.9600227377405
3260.513560688432 6123.313654231386
1771.65547059019 9757.605027918886
3832.859316919047 2211.2250344508698
8036.767710023438 8656.69855226719
8825.735581763149 3857.44360885929
1159.3988941012879 6370.8333053826345
9005.995783363831 859.8803477806449
6489.555221616257 6610.009831428803
6372.265274536126 5682.086912571259
1934.1574996515187 5690.957446371711
283.66027091666245 2779.191772464521
6948.772243933977 1657.6715374422845
7247.266646538207 7215.697676295993
7620.958285580283 1390.40063823596
8178.159207364263 7984.883565218426
8504.265788510642 7448.730432044452
807.3939844609735 2068.905335686865
9635.128847884898 5951.52985334981
140.61258816002174 9515.06980263843
3405.2837338937716 9335.780371960358
9261.5229569936 9391.595097009078
5421.83479630046 68.48652712328706
8688.478075961817 5065.85775006893
7212.686120164662 5407.783992698018
4596.823535227142 7659.622199184224
3894.164359865031 1907.9194800630173
972.6034777789672 3590.620538593853
937.6982349525798 1184.3405952094943
1323.002280064204 3417.305733193642
2710.7361226850735 4595.888075439902
8903.9602927521 2057.8716373356597
6077.052678866652 4442.873700534788
7278.888285595311 5460.60394877722
7071.376778951565 4982.492305869574
6870.30623024378 583.4275310988102
8538.776839595517 7050.957045508369
3951.078502799592 7803.101445198124
2268.8412013701854 5835.720384079336
1296.1316647808108 6331.62649022923
1798.2306549844861 1168.2263270608628
6481.7962923522755 2608.791128369757
7427.6751227612995 2708.377382574909
5714.168936085103 2330.0194173926816
5674.938415368704 2562.638797627088
2336.951754267925 4778.524633557905
3944.0294488250006 5514.355165727968
6572.493172275516 7337.3789021140765
1952.3436069388333 3142.8327254844544
1445.389529117187 3019.956525926586
5475.902969837256 9641.78952559327
1322.7625959207057 4153.501163344171
6333.464896873154 9914.121602709622
659.0216806484483 6684.512130968
337.3011674155113 8375.862467616065
4728.825607311565 7880.286596027421
3672.6156171963507 4544.652077546658
999.9037995712923 3231.5029639480263
1512.1905053896712 1384.3120424711353
3472.321284542115 9509.122064030547
4732.617919334916 1452.8461932188286
3419.17412764003 158.4377791298641
2569.8085842271466 1667.3711086513254
2797.5828789597203 560.3878331950663
4294.568296878789 6262.885592734427
7280.69386325668 4043.447699314926
2766.0752528494468 7532.577351914336
9072.342171335695 3366.743793559767
4699.598033388756 532.1893194341565
5247.431772029091 6932.890609335601
5930.755358971774 7456.234757959468
4541.119645550136 7361.879479792245
2105.8240164979516 7984.875286537985
9752.988632790288 750.079108079974
3053.795182590475 8049.685492081905
6950.431064474468 9883.758963051285
8467.725271308229 4862.722571338134
7486.988997149764 6602.267777501725
7112.829424952042 5869.120810017903
3008.255481656692 200.95733422947347
4071.7175788715654 8860.477439422479
7733.043473889208 4656.035389178126
541.2777724859441 2818.423907330345
5627.85343282081 4913.61414134493
5171.927531722932 8300.056199802437
7860.198480969369 5461.193240301198
485.83692616095965 6651.390194185861
5292.919343587749 1192.4164155075
7649.298869833197 8390.711331497083
843.0020966312679 434.640597927467
8753.165311366938 5732.353497620538
9205.540299977707 1579.3438572227149
7040.506563965875 6913.92774660558
1660.4916942520497 2984.433823360266
2460.5921728982426 7298.152605413648
2408.9529272471077 2717.406015046656
3647.3980027354723 8466.166066516225
7797.101396807196 6723.8925968734275
1569.146188968088 330.59631584553273
2369.704654591989 4595.56850798047
4224.63898308519 169.31194021778228
3802.2273853498114 9293.069144731235
8443.690597798235 371.01062838409194
9352.756243583883 2084.6863649876336
1285.0735389922452 5872.609042123657
1711.3700652898956 1731.6683586090287
4589.249075122861 5968.475212286939
2031.2303743540526 6525.297287407586
6436.512019288652 2433.138332049926
1230.525289772121 6976.666557417955
430.45608104649415 9284.876321058004
5907.4517639397 3578.079059954469
4393.984584817139 1638.540190316541
5379.465683581587 9403.88106586854
2307.533273396839 5974.726879364536
5716.467123878837 4566.142669066443
6106.450931444403 6651.9544691442325
660.9308646839263 4710.448320398605
7518.306593116077 4086.490962175382
8217.408637703113 9070.850347933238
6406.93965303953 7714.4919540569645
1890.3362546076341 9605.52628854497
8017.560481537353 1875.420679168366
1942.4542695993218 3145.850312531253
3488.483384833134 9266.713282691058
5292.316905377438 7512.390042848638
3005.7328453219247 5242.916057796067
6885.542050615396 7908.390099724117
9491.067245956607 8855.586387213576
2229.521212367608 8671.128561531592
3107.6715964382274 5948.921412955338
6094.0077825915905 3798.4355682758596
3089.4476416471416 8597.266383648463
3118.792682297444 6861.440765283198
7713.841767298817 5689.1538073409
9985.484038754223 88.87360022634905
5694.501798564808 6120.19409810064
2562.557557246933 4200.0074840558245
294.8701997462677 8970.055919081993
6340.4282885761495 1909.4344825555677
2186.2125090550335 6998.181646382037
4811.547426271411 7641.377428301209
395.53999596980026 9548.98021647195
6024.931691746701 3876.4421535444317
5679.804241589066 4569.886237771589
8619.997525104487 4728.030917157462
8412.454865228938 3202.8564993542254
1578.2749634782024 7647.069224940893
3929.7212939168135 9759.251411062663
3616.6635513809397 9166.014319217727
1801.14035869397 166.4357854189147
5331.745484551175 1782.6880010010138
1075.467892987746 9331.334573006949
3055.331131110036 669.0576295942241
5626.621642621229 5619.312676228915
4972.935254412134 5226.895306945165
8865.4524911275 9977.816470049318
2168.031889875351 54.8776750356772
4400.293904747634 8221.352965691494
4093.5357622584465 9734.042349862693
8458.921313979183 7870.408262185039
8255.75997241313 5104.084430694143
8908.239388836753 587.3188369903048
5876.496859868403 2421.9440395377223
3723.242401549045 3503.9481287667318
6191.477429558308 3702.9619327435694
5506.811334596015 1732.322566197131
3592.0765997935446 5693.986532501346
9425.780021825782 8067.40202918146
8958.315164989312 6378.575115080037
2014.6847379671551 9667.770477240756
9519.399924248724 1213.4973169898956
7056.745845265276 3466.7826124782896
2094.863117386824 8493.589647141458
9566.264399210646 1433.2351474458094
8989.194307599926 5245.242106471483
5604.215759828716 8715.256360527079
6532.121614317673 7087.69506454781
2381.8139237606706 7031.500231124065
75.96810044321445 1922.5001738618207
2534.1764100730047 9164.195732947219
8228.940392959099 1232.1093537577565
5412.726760661683 9386.264265465412
