20
8178.254719234433 4812.8846084063525
8901.33357574947 5314.282666649868
5289.90263008222 1319.7398609360434
1057.644060467081 425.5235049384332
3912.168080769781 7579.155050485818
8431.824425869456 3734.3529380294794
5635.888806343022 76.84013507971876
5258.940801229071 458.6632924086864
924.1955368310439 5640.562589551766
8132.197863321627 100.06251359315543
4346.378806746061 4264.169384530882
3460.4774183722598 9415.731087011569
5244.150703285804 5329.699690398649
3034.068427605352 9736.597352115774
3834.8112722465867 2521.6704224055466
3296.126940226396 1920.8782003765245
2038.4101824041434 7090.622781780277
5725.201442416827 9417.448419409096
3935.5283108633876 3622.499291915533
1931.5436701406152 4285.527528224685
