90
89.67915450412983 77.89301323473026
0.722935216024323 17.100668492476444
52.558111782682545 44.64373562709988
63.62162098397014 88.4859378559827
56.50086156303743 27.43126206435733
55.5935579620951 13.94881777266541
66.2271944815696 60.56337839293538
41.84236328120961 0.07714650806099899
69.80767284920852 3.9717677798042916
91.29590804687926 57.14902204904801
45.365906215987714 99.98329067152194
35.52964134221791 76.27737082934294
79.29359155780595 23.774288927755805
16.283843133219833 15.017235431116404
98.49733670379099 55.239186854465736
33.066132012090456 32.93177507822299
51.05749477688799 37.319272907898316
15.907331644519562 72.18698952905339
55.07172544992681 1.488828479287907
35.38324246426681 26.440309105825975
95.22466157213837 56.05990444172904
97.88100981036254 55.848497080907535
92.2239910265812 22.597101224202486
73.06895333161239 40.21149232403209
86.69473706633835 3.9618259777831066
60.93201913252685 20.411684106562777
6.452203446624605 27.269546479063468
43.08234291042133 96.0789635862656
85.12259602267149 30.750049423532456
51.121540616359425 23.72804532987076
74.98264649350308 11.634221091047204
62.79918176621818 66.76994163475368
70.05951868395498 90.8162197525784
9.645705712544018 72.18865607055808
41.046118301611166 66.6256345705405
17.39031393721051 22.062204218826853
30.80037275673906 96.84880297794433
81.85253573153753 66.17687707002464
68.14367208514889 45.81018777718848
6.995590870917989 34.14473539999548
40.61811270117648 9.692765357533627
26.18671699719809 24.885124589586795
2.7529949357759875 87.00049345628803
75.89273057412979 95.6484714511392
45.37309442379415 73.54320381614167
21.812275328266615 83.35355440429532
25.06023081269224 71.73846380300752
80.18776531282738 90.92709522570603
89.35496474108702 66.86073635747802
40.22950195135366 43.427474136210876
42.16784736220185 64.40312461715496
46.81066028424821 82.62801472234385
77.92865232729415 2.1515172063350296
27.385600892644334 61.43708291718867
93.89732953466434 45.67929630551549
52.81048281713551 1.508054085655186
69.33062049871977 53.04825106541211
49.833739314224054 81.95707765691971
26.75606599091882 8.927003907633257
58.48196605048176 8.593049612313465
55.18207712015931 53.10741403787904
26.653439035417183 44.714529779425135
41.05635445255604 2.034780304816497
64.94581656063227 89.85242697164871
65.11834613503332 61.15447446245391
92.07795510433569 0.33629661839642555
93.54710017030482 14.824317046027502
8.307669857321432 85.26733024158192
40.44203704354832 5.792869192829531
45.80822857156197 64.23465482288215
85.27308089856083 29.992663233337414
73.25128470283263 96.90762522909912
9.468277309027362 52.141409873533085
88.40817374426099 96.78383863558608
82.26518053755436 2.7608596513249206
65.51601311215435 63.63325372716918
97.71764367063184 43.755861455183656
93.24569498832854 37.59896186827807
89.76859789405705 71.39334717461671
45.248077545452105 21.339956386427673
95.84124519460526 1.2578880320855523
42.71130015389806 30.22937159575767
12.072027947117736 64.61303296095188
86.87604668459325 50.05351433130683
55.5425222359309 66.90917676717892
89.72035719752296 49.13944851583169
59.29922507840117 67.2391685991938
61.69669017714 3.8839508299326253
13.326356140754115 54.566311211617126
37.21153084901106 86.60654583811207
