100
87.24175804060165 37.42174404580528
48.63824658059325 40.505632848737704
71.15548853072131 81.755204674065
32.02651095905752 38.25883016300625
38.91401782458228 90.546506793216
36.607271168702106 47.784049271355855
5.081531099741998 58.44662099349631
9.801059434114723 80.38940416911625
86.13949529938375 13.402399062402814
63.38687446726821 37.1663893456149
78.55127625294448 79.5588698123978
82.11645676557227 38.403903794482105
66.58087660944474 10.036983955303679
60.99786827973357 89.5269032509327
40.22213268417768 21.357041988252877
65.26178639723447 77.08378509228291
56.904666466552825 53.10071897023393
50.46155502337343 22.206433561048055
89.17796342367753 60.820554039662674
26.2393820482118 64.65452695397128
81.83821827306855 82.71523683751045
67.71157750629135 39.58605879025411
59.41831795588283 8.72221188047041
28.0407998061059 56.917447923599184
69.41709983808974 26.452805508799237
33.194330149970305 40.27765078083244
64.67717124734857 60.81806127461995
10.041620346778956 73.10796695680949
22.11691774893373 46.60746600431466
71.5248414929016 84.40372637065714
77.29326289592719 9.189491374426662
50.820806840048384 48.60814327508772
30.0573175809993 29.386042920533374
55.9761922230358 99.1561882897123
89.39775388753502 45.74403976886066
62.365729939989855 33.19445811602226
89.68907331948823 87.79270704570233
52.62867912740469 76.17336246141603
1.9352959534366998 22.623981556246587
1.4458550841895512 10.204061522368079
50.625187745609225 85.30459319995578
17.866676678011927 44.66765018646528
25.42279622102914 35.895314077412074
85.70531992299017 10.907844306613601
88.12827868778925 76.35730611432714
15.274845625876054 82.77692282349184
69.03274533008272 42.60832989264688
27.35421958168567 76.46021956290407
54.6321355614538 73.64807748009528
48.684119784154944 28.999775003165862
15.219282541871038 56.598807366749895
57.9097793445767 61.91259769756584
50.33997010036404 85.03968364652252
42.16593626865984 50.41853412922643
15.695669232970989 12.131660797540622
61.309547339620785 89.96171031007538
12.007081272878906 53.19816397666462
15.719216654935986 73.29167519931045
3.9704886359664404 65.34423267437633
66.89748199095263 44.432785436373244
55.23875612215134 21.487540956087425
99.45044137711709 34.235250964408124
95.61451211119146 74.19777997886244
57.6521409573199 21.0389366206557
91.24824238346267 82.65688068006914
12.17923067559683 90.81501611972472
32.48129773588032 70.11529023454474
3.75414905424879 25.12791196480595
18.729043242195587 33.10257377619058
67.55352233206118 41.26435867804005
65.975216301061 44.37688556213079
14.82848427405845 5.581726749037275
54.17828378387873 39.105521248943376
20.072899314550718 2.5100211005084194
13.416259575291233 65.29535563489388
84.00390951672829 25.459939700191182
56.615163878087614 64.26570015548889
73.89492025275345 15.208518104145286
13.078072834415488 92.87269814022646
27.89426366260358 80.4284079121889
55.90434738988159 62.061117419884205
97.1658563528628 52.54906848379831
68.62666005691241 22.354537142714836
85.22882524706792 70.30828131810873
65.91710261329202 56.33043948335317
10.098109517743703 53.054627919675404
52.56167939146088 17.226873540955513
55.46301662124622 29.58285379905409
60.66281032495581 83.29553985971077
87.3492626343534 90.16207004526116
64.71571491169782 18.45812404084778
90.00287396252399 75.32213342862595
57.64358828572046 87.99762064775616
65.16924737154577 33.41637243073763
46.06514275790858 25.150797047232977
0.25381889769043875 78.4253329792294
25.730834614154663 14.906298010302422
15.91142100060685 61.778101425785124
74.8317534882005 91.96664724695916
16.331128777876845 51.48743335796894
